00000000000000000000000000000000
00000000000000000000000000000001
00000000000000000000000000000011
00000000000000000000000000000111
00000000000000000000000000001111
00000000000000000000000000010111
00000000000000000000000000011111
00000000000000000000000000111111
00000000000000000000000001111111
00000000000000000000000011111111
00000000000000000000000100010111
00000000000000000000000100011111
00000000000000000000000100111111
00000000000000000000000101111111
00000000000000000000000111111111
00000000000000000000001100111111
00000000000000000000001101010110
00000000000000000000001101010111
00000000000000000000001101011111
00000000000000000000001101111111
00000000000000000000001111111111
00000000000000000000011101110111
00000000000000000000011101111111
00000000000000000000011111111111
00000000000000000000111111111111
00000000000000000001011101111110
00000000000000000001011101111111
00000000000000000001011111111111
00000000000000000001111111111111
00000000000000000011111111111111
00000000000000000111111111111111
00000000000000001111111111111111
00000000000000010000000100010111
00000000000000010000000100011111
00000000000000010000000100111111
00000000000000010000000101111111
00000000000000010000000111111111
00000000000000010000001100111111
00000000000000010000001101010110
00000000000000010000001101010111
00000000000000010000001101011111
00000000000000010000001101111111
00000000000000010000001111111111
00000000000000010000011101110111
00000000000000010000011101111111
00000000000000010000011111111111
00000000000000010000111111111111
00000000000000010001011101111110
00000000000000010001011101111111
00000000000000010001011111111111
00000000000000010001111111111111
00000000000000010011111111111111
00000000000000010111111111111111
00000000000000110000001100111111
00000000000000110000001101010101
00000000000000110000001101010110
00000000000000110000001101010111
00000000000000110000001101011111
00000000000000110000001101111111
00000000000000110000001111111111
00000000000000110000010101100111
00000000000000110000010101101111
00000000000000110000010101110111
00000000000000110000010101111111
00000000000000110000010111111111
00000000000000110000011101110111
00000000000000110000011101111111
00000000000000110000011111111111
00000000000000110000111111111111
00000000000000110001010101010110
00000000000000110001010101010111
00000000000000110001010101011011
00000000000000110001010101011111
00000000000000110001010101101111
00000000000000110001010101111111
00000000000000110001010111111111
00000000000000110001011101111101
00000000000000110001011101111110
00000000000000110001011101111111
00000000000000110001011111111111
00000000000000110001111111111111
00000000000000110011111111111111
00000000000000110101010101010110
00000000000000110101010101010111
00000000000000110101010101011010
00000000000000110101010101011011
00000000000000110101010101011111
00000000000000110101010101101111
00000000000000110101010101111111
00000000000000110101010111111111
00000000000000110101011001111111
00000000000000110101011011111111
00000000000000110101011101111111
00000000000000110101011111111111
00000000000000110101111111111111
00000000000001110000011101110111
00000000000001110000011101111111
00000000000001110000011111111111
00000000000001110000111111111111
00000000000001110001001100111101
00000000000001110001001100111111
00000000000001110001001101010110
00000000000001110001001101010111
00000000000001110001001101011111
00000000000001110001001101111101
00000000000001110001001101111111
00000000000001110001001111111111
00000000000001110001011101110111
00000000000001110001011101111110
00000000000001110001011101111111
00000000000001110001011111111111
00000000000001110001111111111111
00000000000001110011001100111100
00000000000001110011001100111101
00000000000001110011001100111111
00000000000001110011001101010110
00000000000001110011001101010111
00000000000001110011001101011111
00000000000001110011001101110111
00000000000001110011001101111101
00000000000001110011001101111111
00000000000001110011001111111111
00000000000001110011010101100111
00000000000001110011010101101111
00000000000001110011010101110111
00000000000001110011010101111111
00000000000001110011010111111111
00000000000001110011011101110111
00000000000001110011011101111101
00000000000001110011011101111111
00000000000001110011011111111111
00000000000001110111011101110111
00000000000001110111011101111011
00000000000001110111011101111111
00000000000011110000111111111111
00000000000011110001011101110111
00000000000011110001011101111110
00000000000011110001011101111111
00000000000011110001011111111111
00000000000011110011001100111100
00000000000011110011001100111101
00000000000011110011001100111111
00000000000011110011001101010101
00000000000011110011001101010110
00000000000011110011001101010111
00000000000011110011001101011111
00000000000011110011001101111101
00000000000011110011001101111111
00000000000011110011001111111111
00000000000011110011010101100111
00000000000011110011010101101111
00000000000011110011010101110111
00000000000011110011010101111111
00000000000011110011010111111111
00000000000011110011011101110111
00000000000011110011011101111101
00000000000011110011011101111111
00000000000011110111011101110111
00000000000011110111011101111011
00000000000101110001011100111101
00000000000101110001011100111111
00000000000101110001011101111110
00000000000101110001011101111111
00000000000101110001011111111111
00000000000101110001101100111101
00000000000101110001101100111111
00000000000101110001101101010110
00000000000101110001101101010111
00000000000101110001101101011111
00000000000101110001101101111101
00000000000101110001101101111111
00000000000101110001101111111111
00000000000101110001111100111101
00000000000101110001111100111111
00000000000101110001111101110111
00000000000101110001111101111110
00000000000101110001111101111111
00000000000101110011110100111101
00000000000101110011110100111111
00000000000101110011110101011011
00000000000101110011110101011111
00000000000101110011110101111110
00000000000101110011110101111111
00000000000101110011111101111101
00000000000101110011111101111110
00000000000111110001111101110111
00000000000111110011011100111101
00000000000111110011011100111111
00000000000111110011011101010111
00000000000111110011011101011111
00000000000111110011011101111101
00000001000101110001011101111110
00000001000101110001011101111111
00000001000101110001011110111100
00000001000101110001011110111101
00000001000101110001011110111111
00000001000101110001011111111110
00000001000101110001101111010111
00000001000101110001101111011111
00000001000101110001101111111100
00000001000101110001101111111101
00000001000101110011110111101101
00000001000111110011011101111100
00000001000111110011011110111100
00000001000111110011011111010110
00000011001111110101011001101010