00000000000000001111111111111111
00000000000000010111111111111111
00000000000000110011111111111111
00000000000000110101111111111111
00000000000001110001111111111111
00000000000001110011011111111111
00000000000001110111011101111111
00000000000011110000111111111111
00000000000011110001011111111111
00000000000011110011001111111111
00000000000011110011010111111111
00000000000011110011011101111111
00000000000011110111011101110111
00000000000011110111011101111011
00000000000101110001011111111111
00000000000101110001101111111111
00000000000101110001111101111111
00000000000101110011110101111111
00000000000101110011111101111101
00000000000101110011111101111110
00000000000111110001111101110111
00000000000111110011011100111111
00000000000111110011011101011111
00000000000111110011011101111101
00000001000101110001011101111111
00000001000101110001011110111111
00000001000101110001011111111110
00000001000101110001101111011111
00000001000101110001101111111101
00000001000101110011110111101101
00000001000111110011011101111100
00000001000111110011011110111100
00000001000111110011011111010110
00000011001111110101011001101010