0000000000000000
0000000000000000
0000000000000000
0000000000000000
0000000000000000
0000000000000000
0000100100010000
0100010101010101
0100010101010001
0000000000010001
0000010000000001
0000000000000000
0000000000000000
0000000000000000
0000000000000000
------
0000000000000000
0000000000000000
0000000000000000
0000000000000000
0000000000000000
0010000000000000
0001000000001100
0100010100000101
1000001001001001
1000101000000000
0000000000000000
0000000000000000
0000000000000000
0000000000000000
0000000000000000
------
0000000000000000
0000000000000000
0000000000000000
0000000000000000
0010000000000000
0010000010001010
0101100100000100
0101010101010101
0100010101010101
0000100000000000
0000000000000000
0000000000000000
0000000000000000
0000000000000000
0000000000000000
------
0000000000000000
0000000000000000
0000000000000000
0000000000000000
0000000000100000
1000001000000000
1000001001100001
0001010101011101
0100110100010000
0000010000100000
0000000000000000
0000000000000000
0000000000000000
0000000000000000
0000000000000000
------
0000000000000000
0000000000000000
0000000000000000
0000000000000000
0000000000100000
0000100000100000
0100010101010001
0100010001010001
1010001010101000
0100010100010000
1000000000000000
0000000000000000
0000000000000000
0000000000000000
0000000000000000
------
0000000000000000
0000000000000000
0000000000000000
0000000000000000
0000000000000000
0000010000010001
0000100000111000
0100010101010101
0100000101010101
0000001001000100
0000000000000000
0000000000000000
0000000000000000
0000000000000000
0000000000000000
------
0000000000000000
0000000000000000
0000000000000000
0000000000000000
0000000000000000
0000000000000001
0000100000110000
0000010101010100
1010001010001010
0000000000000000
1000000000000000
0000000000000000
0000000000000000
0000000000000000
0000000000000000
------
0000000000000000
0000000000000000
0000000000000000
0000000000000000
0000000000000001
1000101000100000
0100010001010001
1010100010101000
0010000010100010
0010000011000000
0000000000000000
0000000000000000
0000000000000000
0000000000000000
0000000000000000
------
0000000000000000
0000000000000000
0000000000000000
0000000000000000
0000000100000000
0010000010001010
0101010100000101
0100010001000100
0010001010101010
0100000000010000
0000000000010000
0000000000000000
0000000000000000
0000000000000000
0000000000000000
------
0000000000000000
0000000000000000
0000000000000000
0000000000000000
0000000100000100
0001000000001000
0101010100000101
0101010101010101
0101000101010100
0000001100000100
0000000000001000
0000000000000000
0000000000000000
0000000000000000
0000000000000000
------
0000000000000000
0000000000000000
0000000000000000
0000000000000000
0000000000000000
0000010000010000
0000010101010101
0101010001010101
0101000001010101
0000000010000001
0001000001000000
0000000000000000
0000000000000000
0000000000000000
0000000000000000
------
0000000000000000
0000000000000000
0000000000000000
0000000000000000
0000000000000000
0000000100000000
0001000000001100
0100010100000101
0100000100110110
0100010100010000
0000000000010000
0000000000000000
0000000000000000
0000000000000000
0000000000000000
------
0000000000000000
0000000000000000
0000000000000000
0000000000000000
0000000100000000
0011000000001000
0101010100000101
0001001100000101
1000000010011010
0001000001000000
0000000000000100
0000000000000000
0000000000000000
0000000000000000
0000000000000000
------
0000000000000000
0000000000000000
0000000000000000
0000000000000000
0000000000000000
0001000000000000
0100010101000101
1010101010101010
0001010001010101
0000100010000010
0000000000000010
0000000000000000
0000000000000000
0000000000000000
0000000000000000
------
0000000000000000
0000000000000000
0000000000000000
0000000000000000
0000000000000000
0000000000000000
0001000100000001
0010000010000011
0101000101000101
0000000001001000
0100000000000000
0000000000000000
0000000000000000
0000000000000000
0000000000000000
------
0000000000000000
0000000000000000
0000000000000000
0000000000000000
0000000000100000
1000101000100000
0000010001000101
1010100000100010
0101010001010001
1000000000100000
0000000000000000
0000000000000001
0000000000000000
0000000000000000
0000000000000000
------
0000000000000000
0000000000000000
0000000000000000
0000000000000000
0000000000000001
0000100000010000
0100000101010001
0101000101000101
0100010100010101
1000000000000000
0100010000000000
0000000000000000
0000000000000000
0000000000000000
0000000000000000
------
0000000000000000
0000000000000000
0000000000000000
0000000000000000
0000000000000000
0000000000000000
0000111000100000
1000001001001001
0100000100010100
0010001000001000
0100000000000000
0000000000000000
0000000000000000
0000000000000000
0000000000000000
------
0000000000000000
0000000000000000
0000000000000000
0000000000000000
0000000000000000
0000000100000000
0010000010001010
0010100010001010
0010100010001010
0000000100000100
0010000000000000
0000000000000000
0000000000000000
0000000000000000
0000000000000000
------
0000000000000000
0000000000000000
0000000000000000
0000000000000000
0010000000000000
0010000000001000
0101000100000100
0101010101000101
1000101000100010
0000010001010001
0000100000000000
0000000000000000
0000000000000000
0000000000000000
0000000000000000
------
0000000000000000
0000000000000000
0000000000000000
0000000000000000
0010000000000000
0010000010001010
0100100100000110
0101010101010101
0001000000000100
0010001000100000
0000000000000000
0000000000000000
0000000000000000
0000000000000000
0000000000000000
------
0000000000000000
0000000000000000
0000000000000000
0000000000000000
0000000000100001
0000010000010000
0100010101010001
1010101010101010
0101000100010100
0100000100010100
0000001000000000
0000000000000000
0000000000000000
0000000000000000
0000000000000000
------
0000000000000000
0000000000000000
0000000000000000
0000000000000000
0000000000000000
0000000100000000
0010000000001000
0101000001000101
1010010001000000
0000100010100000
0000000000000000
0000000000000000
0000000000000000
0000000000000000
0000000000000000
------
0000000000000000
0000000000000000
0000000000000000
0000000000000000
0000000000000000
0000101000100000
0100010001010001
0101010101010001
0000010101010100
0000000001000000
0000000010000100
0000000000000000
0000000000000000
0000000000000000
0000000000000000
------
0000000000000000
0000000000000000
0000000000000000
0000000000000000
0000000000000000
0000000000100000
1000101000100000
0000000001011001
1011000001001101
0001000001000100
0000000000000000
0000000000000000
0000000000000000
0000000000000000
0000000000000000
------
0000000000000000
0000000000000000
0000000000000000
0000000000000000
0000000000000000
0000010100010000
0100110000010100
0100010001010101
0000010010010011
0001010001000001
0000010000000010
0000000000000000
0000000000000000
0000000000000000
0000000000000000
------
0000000000000000
0000000000000000
0000000000000000
0000000000000000
0000000000000000
0000100000000000
0100010101000001
0000010001001001
1000101000100000
0000001000000001
0000000000000000
0000000000000000
0000000000000000
0000000000000000
0000000000000000
------
0000000000000000
0000000000000000
0000000000000000
0000000000000000
0000000000000000
0000000000000000
0000100000101000
1000000001000001
1100100000100010
0000100010100010
0001000000000000
0000000000000000
0000000000000000
0000000000000000
0000000000000000
------
0000000000000000
0000000000000000
0000000000000000
0000000000000000
0000000000100000
0000010000000000
0000001000001001
1100000100110100
0100010100010000
1000000100000000
0000000000000000
0000000000000000
0000000000000000
0000000000000000
0000000000000000
------
0000000000000000
0000000000000000
0000000000000000
0000000000000000
0000000100000000
0010000010001010
0100100100000110
1010101010001010
0100000000010000
0010001000000000
0110000000000000
0000000000000000
0000000000000000
0000000000000000
0000000000000000
------
0000000000000000
0000000000000000
0000000000000000
0000000000000000
0000000000000000
0010000000000000
0010000010001010
0100100110000010
1000101000100010
0000000001110000
0000100000000000
0000000000000000
0000000000000000
0000000000000000
0000000000000000
------
0000000000000000
0000000000000000
0000000000000000
0000000000000000
0000000000000000
0010000000001000
0101100100000100
0101010101010101
0101010100010100
0000000100010000
0010000000010000
0000000000000000
0000000000000000
0000000000000000
0000000000000000
------
0000000000000000
0000000000000000
0000000000000000
0000000000000000
0000000000000000
0010000000000000
0001000100000100
0010100000001000
0101010100000001
1000001000101000
1000000000000000
0000000000000000
0000000000000000
0000000000000000
0000000000000000
------
0000000000000000
0000000000000000
0000000000000000
0000000000000000
0010000000000000
0010000010001010
0100100100000110
0000001101000001
1000000000000000
0000000000010000
0000000000000000
0000000000000000
0000000000000000
0000000000000000
0000000000000000
------
0000000000000000
0000000000000000
0000000000000000
0000000000000000
0000000000000000
0000000000000001
1000101000100000
0000001001101000
0100000001110000
0000000001010000
0000000000000000
0000000000000000
0000000000000000
0000000000000000
0000000000000000
------
0000000000000000
0000000000000000
0000000000000000
0000000000000000
0000000000000000
0010000000000000
0010000010001010
0100100100000100
1010101000001010
0100000100010100
0000001000000000
0000000000000000
0000000000000000
0000000000000000
0000000000000000
------
0000000000000000
0000000000000000
0000000000000000
0000000000000000
0000000000000001
1000001000100000
0100000001011001
0010000010000001
0100000100000100
0000000000001000
0000000000000000
0000000000000000
0000000000000000
0000000000000000
0000000000000000
------
0000000000000000
0000000000000000
0000000000000000
0000000000000000
0010000000000000
0010000010001010
0000000101000100
0100000100100110
0100010100010000
0000000000010000
0000000000000000
0000000000000000
0000000000000000
0000000000000000
0000000000000000
------
0000000000000000
0000000000000000
0000000000000000
0000000000000000
0000000100000000
0010000000000001
0001000101000101
0100000001000101
0000000001000100
0100000000000000
0000000000000000
0000000000000000
0000000000000000
0000000000000000
0000000000000000
------
0000000000000000
0000000000000000
0000000000000000
0000000000000000
0000000000000000
0000100000100000
0100010101010001
0010100010001010
0010000000000010
0010000011000000
0000000000000000
0000000000000000
0000000000000000
0000000000000000
0000000000000000
------
0000000000000000
0000000000000000
0000000000000000
0000000000000000
0000000010000000
0010000000000000
0010100010001000
0010100010001010
0000000100000110
0010000001000000
0000000000000000
0000000000000000
0000000000000000
0000000000000000
0000000000000000
------
0000000000000000
0000000000000000
0000000000000000
0000000000000000
0000000000000000
0000000000000000
0000000100110000
0100010101010001
0100010000010101
1000001000100000
1000000000000000
0000000000000000
0000000000000000
0000000000000000
0000000000000000
------
0000000000000000
0000000000000000
0000000000000000
0000000000000000
0000000000100000
1000101000100000
0100000001010000
0101000001000101
0000100010000010
0000000000000010
0000000000000000
0000000000000000
0000000000000000
0000000000000000
0000000000000000
------
0000000000000000
0000000000000000
0000000000000000
0000000000000000
0000000000000000
0010000000000000
0001000000001100
0101000101000100
1010101010000010
0000000000000100
0000000010000000
0000000000000000
0000000000000000
0000000000000000
0000000000000000
------
0000000000000000
0000000000000000
0000000000000000
0000000000000000
0000000000000000
0000000000000001
1000101000100000
1000001011001001
1010001000001000
0100000100010000
0000000000000000
0000000000000000
0000000000000000
0000000000000000
0000000000000000
------
0000000000000000
0000000000000000
0000000000000000
0000000000000000
0000000000000001
0000100000100000
0100010001010001
0100010001010101
0000010001010001
0000100000000000
0000000000000000
0000000000000000
0000000000000000
0000000000000000
0000000000000000
------
0000000000000000
0000000000000000
0000000000000000
0000000000000000
0010000000000000
0010000010001010
0101010000000100
0101000001000101
0000100010100010
0001000000000000
0000000000000000
0000000000000000
0000000000000000
0000000000000000
0000000000000000
------
0000000000000000
0000000000000000
0000000000000000
0000000000000000
0000000000000000
0010000000000000
0010000010001010
0101000101000000
0000000001000010
0000100000100010
0000100000000000
0000000000000000
0000000000000000
0000000000000000
0000000000000000
------
0000000000000000
0000000000000000
0000000000000000
0000000000000000
0010000000000000
0010000010001010
0101000101000101
0100010001010000
0000010001010001
0000000000000001
0000000000000000
0000000000000000
0000000000000000
0000000000000000
0000000000000000
------
0000000000000000
0000000000000000
0000000000000000
0000000000000000
0000000000000000
0000000000100000
1000101000100000
0000010000011000
0100010100000100
0010000010001010
0000000000000000
0000000000000000
0000000000000000
0000000000000000
0000000000000000
------
0000000000000000
0000000000000000
0000000000000000
0000000000000000
0000000000000000
0000000000000000
0000000000001100
0101010101000100
0100010100000100
1000001000001000
0010001000000000
0000000000000000
0000000000000000
0000000000000000
0000000000000000
------
0000000000000000
0000000000000000
0000000000000000
0000000000000000
0010000000000000
0010000010001010
0101010100000100
1001001000000100
0000010000010000
0000000000000000
0000000000000000
0000000000000000
0000000000000000
0000000000000000
0000000000000000
------
0000000000000000
0000000000000000
0000000000000000
0000000000000000
0000000000000001
1000101000100000
0000000000000001
0101010000010101
1000001000100000
0000010000000000
0000000000000000
0000000000000000
0000000000000000
0000000000000000
0000000000000000
------
0000000000000000
0000000000000000
0000000000000000
0000000000000000
0000000000000000
0000000100000000
0000000100000000
0000010000001001
1000101000100000
0000000000000001
0000000000000000
0000000000000000
0000000000000000
0000000000000000
0000000000000000
------
0000000000000000
0000000000000000
0000000000000000
0000000000000000
0000000100000000
0000000000001000
0100100100000010
1010101010001010
0100000000010000
0000001000000000
0000000000000000
0000000000000000
0000000000000000
0000000000000000
0000000000000000
------
0000000000000000
0000000000000000
0000000000000000
0000000000000000
0000000000000000
0000010000000001
0000010100010101
1101100000000100
0100000100010100
0000001000000000
0000000000000000
0000000000000000
0000000000000000
0000000000000000
0000000000000000
------
0000000000000000
0000000000000000
0000000000000000
0000000000000000
0000000000000000
0000000000100000
1000101000100000
0000010001010101
0100010100010001
1000000000000000
0000010000000000
0000000000000000
0000000000000000
0000000000000000
0000000000000000
------
0000000000000000
0000000000000000
0000000000000000
0000000000000000
0000000000100000
1000101000100000
0000001001001000
0100000110000010
0010100000001010
0000000000000000
0010000000000000
0000000000000000
0000000000000000
0000000000000000
0000000000000000
------
0000000000000000
0000000000000000
0000000000000000
0000000000000000
0000000000000000
0000100000000010
0001000101000100
0001010001000001
1000100000100010
0000100000000000
0000000000000000
0000000000000000
0000000000000000
0000000000000000
0000000000000000
------
0000000000000000
0000000000000000
0000000000000000
0000000000000000
0000001000000001
1000101000100000
0000001001000001
1000100000000010
0001000001000101
0000000000000010
0000000000000000
0000000000000000
0000000000000000
0000000000000000
0000000000000000
------
0000000000000000
0000000000000000
0000000000000000
0000000000000000
0000000000000001
0000101000100000
1000001001001101
1000101000101000
0000000000000001
0000010000000000
0000000000000000
0000000000000000
0000000000000000
0000000000000000
0000000000000000
------
0000000000000000
0000000000000000
0000000000000000
0000000000000000
0000000100000000
0010000010001010
0100100100000010
1010101010001000
0000000000000001
0000010000000000
0000000000000000
0000000000000000
0000000000000000
0000000000000000
0000000000000000
------
0000000000000000
0000000000000000
0000000000000000
0000000000000000
0010000000000000
0000000010001010
0010100000000010
0000000100000000
0010100010100010
0000100010000000
0000000000000000
0000000000000000
0000000000000000
0000000000000000
0000000000000000
------
0000000000000000
0000000000000000
0000000000000000
0000000000000000
0000000000000000
0000000000100000
1000101000100000
0100010101010001
0011001001000000
0101000000000000
0000000100000000
0000000000000000
0000000000000000
0000000000000000
0000000000000000
------
0000000000000000
0000000000000000
0000000000000000
0000000000000000
1000000000000000
0100010100010000
0100010100010100
1010101010101010
1000001010101010
0000010000001000
1000001000000000
0000000000000000
0000000000000000
0000000000000000
0000000000000000
------
0000000000000000
0000000000000000
0000000000000000
0000000000000000
0000000000000000
0001100000000110
1010100010100010
1000000010101010
0100010100010000
0000000000000000
0000000000000000
0000000000000000
0000000000000000
0000000000000000
0000000000000000
------
0000000000000000
0000000000000000
0000000000000000
0000000000000000
0000000000000000
0000000000000000
0000100000100000
1000100000101000
0000000000100000
0000000000100000
0000000000000000
0000000000000000
0000000000000000
0000000000000000
0000000000000000
------
0000000000000000
0000000000000000
0000000000000000
0000000000000000
1000000000000000
0000010000011000
1000001010101010
0101010101010101
0101000001010101
0000000010000011
0001000000000000
0000000000000000
0000000000000000
0000000000000000
0000000000000000
------
0000000000000000
0000000000000000
0000000000000000
0000000000000000
0000000010000000
0001000001000101
0010010011000001
1000101010101000
0000000000000000
0000000000100000
0000000000000000
0000000000000000
0000000000000000
0000000000000000
0000000000000000
------
0000000000000000
0000000000000000
0000000000000000
0000000000000000
0000000010000000
0000000000000100
1010100010100010
1000101010101010
0001001000100000
0000000000000000
0000000000000000
0000000000000000
0000000000000000
0000000000000000
0000000000000000
------
0000000000000000
0000000000000000
0000000000000000
0000000000000000
0000001000000000
0000000000001000
0010001010101000
0010000010101010
0000000100000100
0010000000000000
0000000000000100
0000000000000000
0000000000000000
0000000000000000
0000000000000000
------
0000000000000000
0000000000000000
0000000000000000
0000000000000000
0000000000000000
0100010000000010
0101010101010001
0100010110010000
1000001000001000
0000000000000000
0000000000000000
0000000000000000
0000000000000000
0000000000000000
0000000000000000
------
0000000000000000
0000000000000000
0000000000000000
0000000000000000
1000000000000000
0100010100010000
0100010100010100
0010000000101010
0000010000000001
0000100000000000
0000000000000000
0000000000000000
0000000000000000
0000000000000000
0000000000000000
------
0000000000000000
0000000000000000
0000000000000000
0000000000000000
0000000000010000
1010001000001000
0010011010011000
0100010101010000
0000000000010000
0000000000000000
0000000000000000
0000000000000000
0000000000000000
0000000000000000
0000000000000000
------
0000000000000000
0000000000000000
0000000000000000
0000000000000000
0000000000000000
0100000000010000
1010001010101010
0000011000000000
1000100000100010
0000000001000000
0000000000000000
0000000000000000
0000000000000000
0000000000000000
0000000000000000
------
0000000000000000
0000000000000000
0000000000000000
0000000000000000
0000000000000000
0000000100000000
0010000010001010
0100000100000100
0100010100010000
0000000000010000
0000000000000000
0000000000000000
0000000000000000
0000000000000000
0000000000000000
------
0000000000000000
0000000000000000
0000000000000000
0000000000000000
0000000000000000
0000000000000010
0000000000001000
0101000100000100
0010001000001000
0100000000000000
0000000000000000
0000000000000000
0000000000000000
0000000000000000
0000000000000000
------
0000000000000000
0000000000000000
0000000000000000
0000000000000000
1000000000000000
0000011000001000
1000001000101000
0100010100010000
1010001000000000
0000000000010000
0000000000000000
0000000000000000
0000000000000000
0000000000000000
0000000000000000
------
0000000000000000
0000000000000000
0000000000000000
0000000000000000
0000000000000000
0000000000000000
0010000010001000
0010100010001010
0000000100000010
0000000000000000
0000000000000000
0000000000000000
0000000000000000
0000000000000000
0000000000000000
------
0000000000000000
0000000000000000
0000000000000000
0000000000000000
0000000000000000
0000000100000000
0000000000001000
0101000000000101
0000000010010001
0000000000000000
0000000000000000
0000000000000000
0000000000000000
0000000000000000
0000000000000000
------
0000000000000000
0000000000000000
0000000000000000
0000000000000000
0000000000000000
0000000000000001
1000101000100000
1000001000101000
0000010000010000
0000000000000000
0000000000000000
0000000000000000
0000000000000000
0000000000000000
0000000000000000
------
0000000000000000
0000000000000000
0000000000000000
0000000000000000
0000000000000000
0000000000000001
1000100000100000
0100000011000000
0000001001000100
0000000000000000
0000000000000000
0000000000000000
0000000000000000
0000000000000000
0000000000000000
------
0000000000000000
0000000000000000
0000000000000000
0000000000000000
0000000000000000
0000000100000000
0010000010001010
0100100000000010
0000010001010001
0000000000000001
0000000000000000
0000000000000000
0000000000000000
0000000000000000
0000000000000000
------
0000000000000000
0000000000000000
0000000000000000
0000000000000000
0000000000000000
0010000000000000
0001000100000100
0010000000001001
1000001000101000
1000000000000000
0000000000000000
0000000000000000
0000000000000000
0000000000000000
0000000000000000
------
0000000000000000
0000000000000000
0000000000000000
0000000000000000
0000000000000000
0000000000100000
1000101000100000
0000000001001001
0001000101000100
0000000000000100
0000000000000000
0000000000000000
0000000000000000
0000000000000000
0000000000000000
------
0000000000000000
0000000000000000
0000000000000000
0000000000000000
0000000000000000
0000000000000000
0001000100000100
0101000100000100
0100000000010000
0000000000000000
0000000000000000
0000000000000000
0000000000000000
0000000000000000
0000000000000000
------
0000000000000000
0000000000000000
0000000000000000
0000000000000000
0000000000100000
0000000000100000
0000100000100000
0000010001000000
0000100000000010
0000000000000010
0000000000000000
0000000000000000
0000000000000000
0000000000000000
0000000000000000
------
0000000000000000
0000000000000000
0000000000000000
0000000000000000
0000000000000000
0000000000100000
0000000000000000
1000000001101000
0000010001000001
0000100000000000
0000000000000000
0000000000000000
0000000000000000
0000000000000000
0000000000000000
------
0000000000000000
0000000000000000
0000000000000000
0000000000000000
0010000000000000
0000000000000100
0001000100000000
0101000100000000
0010000000001000
0000000000000000
0000000000000000
0000000000000000
0000000000000000
0000000000000000
0000000000000000
------
0000000000000000
0000000000000000
0000000000000000
0000000000000000
0000000000000000
0000000000100000
1000101000100000
0100010000010001
1000000000000000
0000000000000000
0000000000000000
0000000000000000
0000000000000000
0000000000000000
0000000000000000
------
0000000000000000
0000000000000000
0000000000000000
0000000000000000
0000000000000000
0010000000000000
0010000010001010
1010100010000010
0000100000000100
0000000000000000
0000000000000000
0000000000000000
0000000000000000
0000000000000000
0000000000000000
------
0000000000000000
0000000000000000
0000000000000000
0000000000000000
0000000000000000
0000000100000000
0010000010000010
0100100100000010
0000100000000010
0000000001000000
0000000000000000
0000000000000000
0000000000000000
0000000000000000
0000000000000000
------
0000000000000000
0000000000000000
0000000000000000
0000000000000000
0000000000000000
0000000000000001
1000101000100000
1000001000001000
0100000100010100
0000001000000000
0000000000000000
0000000000000000
0000000000000000
0000000000000000
0000000000000000
------
0000000000000000
0000000000000000
0000000000000000
0000000000000000
0000000000000000
0000000000000000
0001000000000001
0001010001001100
0001000100000000
0000000000000000
0000000000000000
0000000000000000
0000000000000000
0000000000000000
0000000000000000
------
0000000000000000
0000000000000000
0000000000000000
0000000000000000
0000000000000000
0000000000100000
1000101000100000
0000010000001101
0001000000001000
0010000000000000
0000000000000000
0000000000000000
0000000000000000
0000000000000000
0000000000000000
------
0000000000000000
0000000000000000
0000000000000000
0000000000000000
0000000000000000
0000000000000001
1000001000100000
0000010000010000
0000100000100010
0000000000000000
0000000000000000
0000000000000000
0000000000000000
0000000000000000
0000000000000000
------
0000000000000000
0000000000000000
0000000000000000
0000000000000000
0000000000000000
0010000000000000
0010000000001000
0100000100000110
0100000100000000
0000000000001000
0000000000000000
0000000000000000
0000000000000000
0000000000000000
0000000000000000
------
0000000000000000
0000000000000000
0000000000000000
0000000000000000
0000000000000000
0000000000000000
0000100100110000
1000101000001000
0000000000000000
0000000000100000
0000000000000000
0000000000000000
0000000000000000
0000000000000000
0000000000000000
------
0000000000000000
0000000000000000
0000000000000000
0000000000000000
0000000000000000
0000000000000000
0010000010001000
0001000101000100
0010100010000010
0000000010000000
0000000000000000
0000000000000000
0000000000000000
0000000000000000
0000000000000000
------
0000000000000000
0000000000000000
0000000000000000
0000000000000000
0000000000100000
0000000000100000
0000100000100000
0100010000010000
1000001000001000
0000000000010000
0000000000000000
0000000000000000
0000000000000000
0000000000000000
0000000000000000
------
0000000000000000
0000000000000000
0000000000000000
0000000000000000
0000000000000000
0000000100000000
0010000010001010
0000100010000010
0001010001000001
0000000001000000
0000000000000000
0000000000000000
0000000000000000
0000000000000000
0000000000000000
------
0000000000000000
0000000000000000
0000000000000000
0000000000000000
0000000000000000
0000000000100000
1000101000100000
0000001001001000
0101000100000100
0000000100000000
0000000000000000
0000000000000000
0000000000000000
0000000000000000
0000000000000000
------
0000000000000000
0000000000000000
0000000000000000
0000000000000000
0000000000000000
0000000000000000
0000000000010001
0000010001010001
0001010001000001
0000010000000010
0000000000000000
0000000000000000
0000000000000000
0000000000000000
0000000000000000
------
0000000000000000
0000000000000000
0000000000000000
0000000000000000
0000000000000000
0001000000000000
0001000001000101
0010110010000010
0001010001010101
0000100010000010
0000000000000000
0000000000000000
0000000000000000
0000000000000000
0000000000000000
------
0000000000000000
0000000000000000
0000000000000000
0000000000000000
0000000000000000
0000000010000001
0001100000000100
0010100010100010
1010100000101010
0000010001000001
0000000000000001
0000000000000000
0000000000000000
0000000000000000
0000000000000000
------
0000000000000000
0000000000000000
0000000000000000
0000000000000000
0000000000000000
0001000000000000
0001000001000101
0000010001000001
1000101000100000
0000000000100000
0000000000000000
0000000000000000
0000000000000000
0000000000000000
0000000000000000
------
0000000000000000
0000000000000000
0000000000000000
0000000000000000
0000000000000000
0001000000000000
0000000010000000
0001000001000100
0001000101000100
0010000000000000
0000000000000000
0000000000000000
0000000000000000
0000000000000000
0000000000000000
------
0000000000000000
0000000000000000
0000000000000000
0000000000000000
0000000000000000
1000000100000000
0000011000001000
1010001000001000
0110000010010010
0010001010001000
0000000010001000
0000000000000000
0000000000000000
0000000000000000
0000000000000000
------
0000000000000000
0000000000000000
0000000000000000
0000000000000000
0000000000000000
0000000000000000
0000010000001000
1000001000101000
1000101000100000
0000001000100000
0000000000000000
0000000000000000
0000000000000000
0000000000000000
0000000000000000
------
0000000000000000
0000000000000000
0000000000000000
0000000000000000
0000000000000000
0000000000000000
0001000001000100
0001110000000100
0000100010000010
0001000000000000
0000000000000000
0000000000000000
0000000000000000
0000000000000000
0000000000000000
------
0000000000000000
0000000000000000
0000000000000000
0000000000000000
0000000000000000
0000000000000000
1000000000001000
0100010100000100
0000010010011000
0000000000000000
0000000000000000
0000000000000000
0000000000000000
0000000000000000
0000000000000000
------
0000000000000000
0000000000000000
0000000000000000
0000000000000000
0000000000000000
0000000000000000
0001000001000100
1010101000100010
1000100000001000
0000000000000000
0000000000000000
0000000000000000
0000000000000000
0000000000000000
0000000000000000
------
0000000000000000
0000000000000000
0000000000000000
0000000000000000
0000000000000000
0000000000000010
0000100010000000
0010100010000010
0010000010001010
0000000100000000
0000000000000000
0000000000000000
0000000000000000
0000000000000000
0000000000000000
------
0000000000000000
0000000000000000
0000000000000000
0000000000000000
0000000000000000
0000000000000000
0001100000000100
0001010001000001
0000100010000100
0000000000000000
0000000000000000
0000000000000000
0000000000000000
0000000000000000
0000000000000000
------
0000000000000000
0000000000000000
0000000000000000
0000000000000000
0000000000000000
0000000000000000
1000001000001000
0000000000010100
0000011000000000
1000000000000000
0000000000000000
0000000000000000
0000000000000000
0000000000000000
0000000000000000
------
0000000000000000
0000000000000000
0000000000000000
0000000000000000
0000000000000000
0000000000000000
0000000010000000
0001010001000101
0010000010000000
0000000010000000
0000000000000000
0000000000000000
0000000000000000
0000000000000000
0000000000000000
------
0000000000000000
0000000000000000
0000000000000000
0000000000000000
0000000000000000
1000000000000000
0000010100010000
0100010000010100
1000001100000000
0000000000000000
0000000000000000
0000000000000000
0000000000000000
0000000000000000
0000000000000000
------
0000000000000000
0000000000000000
0000000000000000
0000000000000000
0000000000000000
0000100000000000
0000100000000010
0001010001000001
0000100010100010
0001000000000000
0000000000000000
0000000000000000
0000000000000000
0000000000000000
0000000000000000
------
0000000000000000
0000000000000000
0000000000000000
0000000000000000
0000000000000000
0000000000000000
0010001000001000
0100000100010100
0100010100010000
1000000000000000
0000000000000000
0000000000000000
0000000000000000
0000000000000000
0000000000000000
------
0000000000000000
0000000000000000
0000000000000000
0000000000000000
0000000000000000
0000100000000000
1000100000100010
0000100000100010
1000100000000000
0000000000000000
0000000000000000
0000000000000000
0000000000000000
0000000000000000
0000000000000000
------
0000000000000000
0000000000000000
0000000000000000
0000000000000000
0000000000000000
0000000000000000
0000110000000010
0001010001000001
0001000001000101
0001000000000000
0000000000000000
0000000000000000
0000000000000000
0000000000000000
0000000000000000
------
0000000000000000
0000000000000000
0000000000000000
0000000000000000
0000000000000000
0100000000000000
0100000010000000
0000001000000010
0000000000001100
0000000000000000
0000000000000000
0000000000000000
0000000000000000
0000000000000000
0000000000000000
------
0000000000000000
0000000000000000
0000000000000000
0000000000000000
0000000000000000
0000000000000000
0000100000100010
0000101000100010
0000100000000000
0000100000000000
0000000000000000
0000000000000000
0000000000000000
0000000000000000
0000000000000000
------
0000000000000000
0000000000000000
0000000000000000
0000000000000000
0000000000000000
0000000001000000
0000100000000010
0001001001000000
0001000001100001
0000000000000000
0000000000000000
0000000000000000
0000000000000000
0000000000000000
0000000000000000
------
0000000000000000
0000000000000000
0000000000000000
0000000000000000
0000000000000000
0100000000000000
0100000100000100
0100000100000100
0010000000011000
0100000000000000
0000000000000000
0000000000000000
0000000000000000
0000000000000000
0000000000000000
------
0000000000000000
0000000000000000
0000000000000000
0000000000000000
0000000000000000
0100000000000000
0000001000001000
0000001000001100
0000000010001000
0000000000000000
0000000000000000
0000000000000000
0000000000000000
0000000000000000
0000000000000000
------
0000000000000000
0000000000000000
0000000000000000
0000000000000000
0000000000000000
0000000000100000
0000010000010001
1000101000101000
1000001001001001
1000101000100000
0000000000000001
0000000000000000
0000000000000000
0000000000000000
0000000000000000
------
0000000000000000
0000000000000000
0000000000000000
0000000000000000
0000000000000000
0000010000000000
0100010000010001
1100000100100000
0000010010001000
0000000000000000
0000000000000000
0000000000000000
0000000000000000
0000000000000000
0000000000000000
------
0000000000000000
0000000000000000
0000000000000000
0000000000000000
0000000000000000
0000000000000000
0000000100100010
0010000010001010
0010001010001000
0100000000000000
0000000000000000
0000000000000000
0000000000000000
0000000000000000
0000000000000000
------
0000000000000000
0000000000000000
0000000000000000
0000000000000000
0000000000000000
0000000000000000
0000000100000110
0001000101000101
0010000000000010
0000000000000000
0000000000000000
0000000000000000
0000000000000000
0000000000000000
0000000000000000
------
0000000000000000
0000000000000000
0000000000000000
0000000000000000
0000000000000000
0010000000000000
0001000100000100
0010100010000000
0001000001000101
0001000000000000
0000000000000000
0000000000000000
0000000000000000
0000000000000000
0000000000000000
------
0000000000000000
0000000000000000
0000000000000000
0000000000000000
0000000000000000
0000000000000000
0000000111000010
0011000000000000
0000000010000010
0000000010000000
0000000000000000
0000000000000000
0000000000000000
0000000000000000
0000000000000000
------
