0000000000000000
0000000000000000
0000000000000000
0000000000000000
0000000000000000
0011000000000000
0000100000101000
0001010001010100
0001011001010000
0000000000111000
0010000000000000
0000000000000000
0000000000000000
0000000000000000
0000000000000000
------
0000000000000000
0000000000000000
0000000000000000
0000000000000000
0000000000000000
0000000000100000
0001010000000000
0101110010100000
0000010000000111
0000100000100000
0010000000000000
0000000000000000
0000000000000000
0000000000000000
0000000000000000
------
0000000000000000
0000000000000000
0000000000000000
0000000000000000
0000000000000000
0000000000100100
0001010100010101
1000001000111010
0010111100001000
0000000000110000
0010000000000000
0000000000000000
0000000000000000
0000000000000000
0000000000000000
------
0000000000000000
0000000000000000
0000000000000000
0000000000000000
0000000000110000
0001100000000000
0000111100110000
0000100010101000
0010000000101010
0001010000010000
0010000000000000
0000000000000000
0000000000000000
0000000000000000
0000000000000000
------
0000000000000000
0000000000000000
0000000000000000
0000000000000000
0001000000000000
0001000000001000
0101000100000001
1010010010101100
1000001000111010
0000000000010100
0001000000000000
0000000000000000
0000000000000000
0000000000000000
0000000000000000
------
0000000000000000
0000000000000000
0000000000000000
0000000000000000
0000000000000000
0011000000000000
0000000000101000
0011101001000001
1000100000001010
0000010000010010
0000100000000000
0000000000000000
0000000000000000
0000000000000000
0000000000000000
------
0000000000000000
0000000000000000
0000000000000000
0000000000000000
0000000000110000
0001000000010100
0000010100110100
0001111011000000
0000100001000010
0000001000000100
0000100000000000
0000000000000000
0000000000000000
0000000000000000
0000000000000000
------
0000000000000000
0000000000000000
0000000000000000
0000000000000000
0000000000000000
0010000000000000
0000000000111000
0001010101010001
0000011110010100
0000000000001100
0000100000000000
0000000000000000
0000000000000000
0000000000000000
0000000000000000
------
0000000000000000
0000000000000000
0000000000000000
0000000000000000
0000000000000000
0000000000100000
0001100000001000
0101010100010100
1000101010101010
0000010000010000
0000000000001000
0000000000000000
0000000000000000
0000000000000000
0000000000000000
------
0000000000000000
0000000000000000
0000000000000000
0000000000000000
0000000000000000
0011000000000000
0000000000111000
0001001001010000
1010001010100010
0000011100000000
0000010000000000
0000000000000000
0000000000000000
0000000000000000
0000000000000000
------
0000000000000000
0000000000000000
0000000000000000
0000000000000000
0000000000000000
0000000000110000
0000000000010000
0001000100010100
1100010001000011
0000000000001100
0000100000000000
0000000000000000
0000000000000000
0000000000000000
0000000000000000
------
0000000000000000
0000000000000000
0000000000000000
0000000000000000
0000000000100000
0001010000000000
0101010100000101
0101010101010101
1010001010001010
0000000100000100
0000001000000010
0000000000000000
0000000000000000
0000000000000000
0000000000000000
------
0000000000000000
0000000000000000
0000000000000000
0000000000000000
0000000000100000
0011010000000000
0101010100010100
1010101010101001
0100000001000101
1000000010000010
0000001100000000
0000000000000000
0000000000000000
0000000000000000
0000000000000000
------
0000000000000000
0000000000000000
0000000000000000
0000000000000000
0000000000000000
0000000000000000
0000000000110010
0001010101010101
0101000101010101
0010000010000010
0000000000000000
0000000000000000
0000000000000000
0000000000000000
0000000000000000
------
0000000000000000
0000000000000000
0000000000000000
0000000000000000
0000000000000000
0000000000100000
0001000000010100
0010000000111101
1000000010001000
0000001100000000
0000010000000000
0000000000000000
0000000000000000
0000000000000000
0000000000000000
------
0000000000000000
0000000000000000
0000000000000000
0000000000000000
0000000000000000
0001000000001000
0000000000101000
0001111001000000
1010100010100010
1000000001000000
0000000010000000
0000000000000000
0000000000000000
0000000000000000
0000000000000000
------
0000000000000000
0000000000000000
0000000000000000
0000000000000000
0001000000000000
0100000000010010
0011110000000000
0010101000001010
1000100010001011
0010000000011000
0000000000000000
0000000000000000
0000000000000000
0000000000000000
0000000000000000
------
0000000000000000
0000000000000000
0000000000000000
0000000000000000
0000000000000000
0010000000000000
0000000000111000
0001000101010000
0000100010101000
1111000000000000
0010000010000000
0000000000000000
0000000000000000
0000000000000000
0000000000000000
------
0000000000000000
0000000000000000
0000000000000000
0000000000000000
0000000000100000
0000100000001000
0101010100010101
0101010101010101
1110100000000010
1100000000000000
0000000010000000
0000000000000000
0000000000000000
0000000000000000
0000000000000000
------
0000000000000000
0000000000000000
0000000000000000
0000000000000000
0010000000000000
0000000000111100
0001000001010101
1101010000010100
0100000001010110
0000001100001000
0000000000000000
0000000000000000
0000000000000000
0000000000000000
0000000000000000
------
0000000000000000
0000000000000000
0000000000000000
0000000000000000
0000000000110000
0011010000000000
0101010000010100
0101011100010000
0100000011011000
1110000000000000
0000000011000000
0000000000000000
0000000000000000
0000000000000000
0000000000000000
------
0000000000000000
0000000000000000
0000000000000000
0000000000000000
0000000000000000
0010000000000000
0000000000110100
0001010001010001
1000101000101000
0010000000010000
0000000001100000
0000000000000000
0000000000000000
0000000000000000
0000000000000000
------
0000000000000000
0000000000000000
0000000000000000
0000000000000000
0000000000000000
0000000000100000
0000000000001000
0101000100011101
0101000101000101
1000000010000001
0000001000000000
0000000000000000
0000000000000000
0000000000000000
0000000000000000
------
0000000000000000
0000000000000000
0000000000000000
0000000000000000
0000000000000000
0010000000000000
0000000000111000
0010000000011110
0000010110010100
0001100000001000
0000000000100000
0000000000000000
0000000000000000
0000000000000000
0000000000000000
------
0000000000000000
0000000000000000
0000000000000000
0000000000000000
0001000000010000
0010000000001000
0101010100010100
0011010100010101
1010011000000000
0101000000010000
0000000001100000
0000000000000000
0000000000000000
0000000000000000
0000000000000000
------
0000000000000000
0000000000000000
0000000000000000
0000000000000000
0000000000000000
0000000000110000
0011100000000000
0101010100010100
0101000001000000
0010000010000000
0000000100000000
0000000000000000
0000000000000000
0000000000000000
0000000000000000
------
0000000000000000
0000000000000000
0000000000000000
0000000000000000
0000000000000000
0010000000000000
0000000000010100
0000010100000101
0010101000001010
0001101000000000
0000000000011000
0000000000000000
0000000000000000
0000000000000000
0000000000000000
------
0000000000000000
0000000000000000
0000000000000000
0000000000001000
0000000000100000
0000000000000000
0101010000010000
1010000000101010
1010101010100010
0000000100000001
0000000000000100
0000000000000000
0000000000000000
0000000000000000
0000000000000000
------
0000000000000000
0000000000000000
0000000000000000
0000000000000000
0000000000110000
0010100000001000
0101010000010100
0101010101010101
0101010101000001
0000000000100000
0000000000000010
0000000000000000
0000000000000000
0000000000000000
0000000000000000
------
0000000000000000
0000000000000000
0000000000000000
0000000000000000
0000000000000000
0000000000100000
0011010000000000
0101010100010100
0101010001010001
1110000000000000
0000000010000000
0000000000000000
0000000000000000
0000000000000000
0000000000000000
------
0000000000000000
0000000000000000
0000000000000000
0010000000000000
0000000000010000
0000000000001000
0000000110111100
0110000000101010
0100000101000001
0000000110000000
0000000001000001
0000000000000000
0000000000000000
0000000000000000
0000000000000000
------
0000000000000000
0000000000000000
0000000000000000
0000000000000000
0000000000000000
0000000000000000
0000000000111000
0000000000111100
0001010101000101
0000100000000010
0000010000000100
0000000000000000
0000000000000000
0000000000000000
0000000000000000
------
0000000000000000
0000000000000000
0000000000000000
0000000000000000
0000000000000000
0000000000000000
0011000000000000
0101010100010101
0010101000100000
0100100000000000
0010000000100000
0000000000000000
0000000000000000
0000000000000000
0000000000000000
------
0000000000000000
0000000000000000
0000000000000000
0000000000000000
0000000000000000
0000000000100000
0001000000010100
0100010100010100
0101000100000000
0011000000000100
0000100000000000
0000000000000000
0000000000000000
0000000000000000
0000000000000000
------
0000000000000000
0000000000000000
0000000000000000
0000000000000000
0000000000000000
0001000000000000
0101000000010000
0001010000010001
0010010000100101
0000001100000000
0000000000000100
0000000000000000
0000000000000000
0000000000000000
0000000000000000
------
0000000000000000
0000000000000000
0000000000000000
0000000000000000
0000000000110000
0001100000001100
0101000000010100
0010101010101010
0101010101010000
0010000010100000
1000000000000000
0000000000000000
0000000000000000
0000000000000000
0000000000000000
------
0000000000000000
0000000000000000
0000000000000000
0000000000000000
0000000000110000
0010100000000000
0101010100010100
0010101010101010
0100000011010110
0000000000101000
0100000000000000
0000000000000000
0000000000000000
0000000000000000
0000000000000000
------
0000000000000000
0000000000000000
0000000000000000
0000000000000000
0000000000000000
0011000000000000
0000000000111000
0001000001010100
0011110100000000
0000001100000000
0000000100000000
0000000000000000
0000000000000000
0000000000000000
0000000000000000
------
0000000000000000
0000000000000000
0000000000000000
0000000000000000
0000000000000000
0000000000110000
0010100000000000
0100010100001100
0010101010001000
0000100000000100
0000000000011000
0000000000000000
0000000000000000
0000000000000000
0000000000000000
------
0000000000000000
0000000000000000
0000000000000000
0000000000000000
0000000000000000
0010000000000000
0000100000101000
0001000000010001
0000000000100000
0010000000000000
0000000000000000
0000000000000000
0000000000000000
0000000000000000
0000000000000000
------
0000000000000000
0000000000000000
0000000000000000
0000000000000000
0000000000110000
0010100000000000
0101010100010100
0001010000000101
0001000000110000
0011000000000000
0000000000000000
0000000000000000
0000000000000000
0000000000000000
0000000000000000
------
0000000000000000
0000000000000000
0000000000000000
0000000000000000
0000000000000000
0000000000110000
0011100000000000
0100000000000010
1010010000000111
0000010000010000
0000000000000100
0000000000000000
0000000000000000
0000000000000000
0000000000000000
------
0000000000000000
0000000000000000
0000000000000000
0000000000000000
0000000000000000
0000000000100000
0000000000011000
0000010000100100
0000000000101000
0011000000000000
0000000000000000
0000000000000000
0000000000000000
0000000000000000
0000000000000000
------
0000000000000000
0000000000000000
0000000000000000
0000000000000000
0011000000000000
0000000000111000
0001010001010101
0111100100000001
1010000000001110
1000000000000000
0000011000000000
0000000000000000
0000000000000000
0000000000000000
0000000000000000
------
0000000000000000
0000000000000000
0000000000000000
0000000000000000
0000000000000000
0000100000101000
0001010101010101
0001010001010101
0000100000011000
0010000000000000
0000000000000000
0000000000000000
0000000000000000
0000000000000000
0000000000000000
------
0000000000000000
0000000000000000
0000000000000000
0000000000000000
0000000000000000
0010001000001000
0001111110000000
1000101010101010
0000010000010100
0000000000000000
0000000000000000
0000000000000000
0000000000000000
0000000000000000
0000000000000000
------
0000000000000000
0000000000000000
0000000000000000
0000000000000000
0000000000100000
0001110000000000
0101000000010000
0100010100000101
0000011000000000
0000010000000000
0001000000000000
0000000000000000
0000000000000000
0000000000000000
0000000000000000
------
0000000000000000
0000000000000000
0000000000000000
0000000000000000
0000000000000000
0001000000010000
0000010100000101
1100000010001100
0001010000010100
0001000000000000
0000000000000000
0000000000000000
0000000000000000
0000000000000000
0000000000000000
------
0000000000000000
0000000000000000
0000000000000000
0000000000000000
0000000000110000
0010000000000100
1000000000011110
0010000000001010
0000000000000110
0000011000000000
0000000000000000
0000000000000000
0000000000000000
0000000000000000
0000000000000000
------
0000000000000000
0000000000000000
0000000000000000
0000000000000000
0000000000110000
0001000000010000
0000000100111100
1101100100000000
1000000000000011
0000001000000000
0000000000000000
0000000000000000
0000000000000000
0000000000000000
0000000000000000
------
0000000000000000
0000000000000000
0000000000000000
0000000000000000
0010000000000000
0000000000110000
0001010101010001
0100000100010000
0000000100001010
0000110000000000
0000000000000000
0000000000000000
0000000000000000
0000000000000000
0000000000000000
------
0000000000000000
0000000000000000
0000000000000000
0000000000000000
0000000000110000
0010010000000000
0100001100010000
1010000010110010
1100000000000001
0000000110000000
0000000000000000
0000000000000000
0000000000000000
0000000000000000
0000000000000000
------
0000000000000000
0000000000000000
0000000000000000
0000000000000000
0011000000000000
0000000000101100
0001000000010001
0100001010101010
0000000000000111
0000010000000000
0000000000000000
0000000000000000
0000000000000000
0000000000000000
0000000000000000
------
0000000000000000
0000000000000000
0000000000000000
0000000000000000
0000000000000000
0000000000100000
0011100000000000
0000101000001010
0010100000001000
0001000000000000
0000000000000000
0000000000000000
0000000000000000
0000000000000000
0000000000000000
------
0000000000000000
0000000000000000
0000000000000000
0000000000000000
0010000000000000
0000000000111000
0001010001010101
0100000101000101
1000000010000001
0000001100000000
0000000000000000
0000000000000000
0000000000000000
0000000000000000
0000000000000000
------
0000000000000000
0000000000000000
0000000000000000
0000000000000000
0010000000000000
0000000000111000
0001000001010101
1011000010000010
1010000010000000
0000000100000000
0000000000000000
0000000000000000
0000000000000000
0000000000000000
0000000000000000
------
0000000000000000
0000000000000000
0000000000000000
0000000000000000
0011000000000000
0000000000010100
0011110000000000
0101000001010001
0100000001000000
0000000011000000
0000000000000000
0000000000000000
0000000000000000
0000000000000000
0000000000000000
------
0000000000000000
0000000000000000
0000000000000000
0000000000000000
0010000000000000
0000100000010000
0001101100000000
0110000000101100
0001000000010000
0000000001100000
0000000000000000
0000000000000000
0000000000000000
0000000000000000
0000000000000000
------
0000000000000000
0000000000000000
0000000000000000
0000000000000000
0000000000000000
0000000000100000
0000000000000000
0100010100011000
0000011000000100
0000100000000000
0000000000000000
0000000000000000
0000000000000000
0000000000000000
0000000000000000
------
0000000000000000
0000000000000000
0000000000000000
0000000000000000
0011000000000000
0000000000010100
0000000001001011
1010010000010100
0100000001000000
1000000000000000
0000000000000000
0000000000000000
0000000000000000
0000000000000000
0000000000000000
------
0000000000000000
0000000000000000
0000000000000000
0000000000000000
0000000000000000
0010000000000000
0000000000011000
0001111000000000
0000000000011100
0001000000000100
0000000000000000
0000000000000000
0000000000000000
0000000000000000
0000000000000000
------
0000000000000000
0000000000000000
0000000000000000
0000000000000000
0000000000011000
0000000000110100
0010100000001000
0011100010000010
0000000001101000
0100000000000000
0000000000000000
0000000000000000
0000000000000000
0000000000000000
0000000000000000
------
0000000000000000
0000000000000000
0000000000000000
0000000000000000
0000000000110000
0010010000000000
0011100100000000
0101010001010000
1010000000000000
0000000010000000
0000000000000000
0000000000000000
0000000000000000
0000000000000000
0000000000000000
------
0000000000000000
0000000000000000
0000000000000000
0000000000000000
0000000000000000
0011000000000000
0001100000000000
0000010000000010
0000000000000110
0000110000000000
0000000000000000
0000000000000000
0000000000000000
0000000000000000
0000000000000000
------
0000000000000000
0000000000000000
0000000000000000
0000000000000000
0000000000000000
0000000000100000
0011101000000000
0000000100000000
0000001010000000
0000010000000001
0000000000000000
0000000000000000
0000000000000000
0000000000000000
0000000000000000
------
0000000000000000
0000000000000000
0000000000000000
0000000000000000
0000000000000000
0010000000000000
0000000000110000
0000010001000000
0000101100000000
0000010010000000
0000000000000000
0000000000000000
0000000000000000
0000000000000000
0000000000000000
------
0000000000000000
0000000000000000
0000000000000000
0000000000000000
0000000000000000
0000000000100000
0010000000000000
0100000100000001
0000000101000001
0000001100000000
0000000000000000
0000000000000000
0000000000000000
0000000000000000
0000000000000000
------
0000000000000000
0000000000000000
0000000000000000
0000000000000000
0000000000000000
0011000000000000
0000000000110000
0001000001000000
0000000100000011
0000001100000000
0000000000000000
0000000000000000
0000000000000000
0000000000000000
0000000000000000
------
0000000000000000
0000000000000000
0000000000000000
0000000000000000
0000000000000000
0000000000100000
0010000000000000
0000100000101010
1010000000000001
0000000100000000
0000000000000000
0000000000000000
0000000000000000
0000000000000000
0000000000000000
------
0000000000000000
0000000000000000
0000000000000000
0000000000000000
0000000000000000
0011000000000000
0000010000110100
0010000000000010
0000000000000001
0000000100000000
0000000000000000
0000000000000000
0000000000000000
0000000000000000
0000000000000000
------
0000000000000000
0000000000000000
0000000000000000
0000000000000000
0000000000000000
0000000000000000
0100100000101000
0001010000010000
1100000000000000
0000000011000000
0000000000000000
0000000000000000
0000000000000000
0000000000000000
0000000000000000
------
0000000000000000
0000000000000000
0000000000000000
0000000000000000
0000000000000000
0010000000000000
0000100000011000
0010110000000000
0110100000000000
0000000001000000
0000000000000000
0000000000000000
0000000000000000
0000000000000000
0000000000000000
------
0000000000000000
0000000000000000
0000000000000000
0000000000000000
0000000000000000
0000000000110000
0010010000000000
0101010000000100
0100000000100000
0000000010000000
0000000000000000
0000000000000000
0000000000000000
0000000000000000
0000000000000000
------
0000000000000000
0000000000000000
0000000000000000
0000000000000000
0000000000000000
0011000000000000
0000100000010100
0001000000010100
0010000000000100
0000000000000000
0000000000000000
0000000000000000
0000000000000000
0000000000000000
0000000000000000
------
0000000000000000
0000000000000000
0000000000000000
0000000000000000
0000000000000000
0000100000100000
0011100000000000
0000101000011000
0010000000000000
0000000001100000
0000000000000000
0000000000000000
0000000000000000
0000000000000000
0000000000000000
------
0000000000000000
0000000000000000
0000000000000000
0000000000000000
0000000000000000
0000000000000000
0010000000000000
0101000100010000
0011100000000000
0000000000100000
0000000000000000
0000000000000000
0000000000000000
0000000000000000
0000000000000000
------
0000000000000000
0000000000000000
0000000000000000
0000000000000000
0000000000000000
0010000000000000
0000000000111000
0010100000001010
0001101000000000
0000000000010000
0000000000000000
0000000000000000
0000000000000000
0000000000000000
0000000000000000
------
0000000000000000
0000000000000000
0000000000000000
0000000000000000
0000000000000000
0010000000000000
0000010000110000
0001010001000000
0000010100000000
0000000000001000
0000000000000000
0000000000000000
0000000000000000
0000000000000000
0000000000000000
------
0000000000000000
0000000000000000
0000000000000000
0000000000000000
0000000000000000
0000000000000000
0000010000100100
0000100000100010
0000001100000001
0000000000000100
0000000000000000
0000000000000000
0000000000000000
0000000000000000
0000000000000000
------
0000000000000000
0000000000000000
0000000000000000
0000000000000000
0000000000000000
0000100000100000
0000100001001000
0000100000001000
0001000100000100
0000000000000000
0000000000000000
0000000000000000
0000000000000000
0000000000000000
0000000000000000
------
0000000000000000
0000000000000000
0000000000000000
0000000000000000
0000000000000000
0011000000000000
0000000000011000
0010110000000000
1000001010000000
0000000000000010
0000000000000000
0000000000000000
0000000000000000
0000000000000000
0000000000000000
------
0000000000000000
0000000000000000
0000000000000000
0000000000000000
0000000000000000
0010000000000000
0000100000100000
0001001000010000
0000000111000000
1000000000000001
0000000000000000
0000000000000000
0000000000000000
0000000000000000
0000000000000000
------
0000000000000000
0000000000000000
0000000000000000
0000000000000000
0000000000000000
0000000000100000
0010100000001000
0101010000000101
0000001000000010
0000000000001000
0000000000000000
0000000000000000
0000000000000000
0000000000000000
0000000000000000
------
0000000000000000
0000000000000000
0000000000000000
0000000000000000
0000000000000000
0011000000000000
0001010000010000
0001000001000100
0000000011000000
0000000000000000
0000000000000000
0000000000000000
0000000000000000
0000000000000000
0000000000000000
------
0000000000000000
0000000000000000
0000000000000000
0000000000000000
0000000000000000
0000000000110000
0001010000010100
0000000000110100
0000010001000001
0000000000000000
0000000000000000
0000000000000000
0000000000000000
0000000000000000
0000000000000000
------
0000000000000000
0000000000000000
0000000000000000
0000000000000000
0000000000000000
0010000000000000
0000000000111000
0010100000001010
0000000000110000
0100000000000000
0000000000000000
0000000000000000
0000000000000000
0000000000000000
0000000000000000
------
0000000000000000
0000000000000000
0000000000000000
0000000000000000
0000000000000000
0000000000000000
0011001000000000
0000010110101000
0000000100000000
0000000000000010
0000000000000000
0000000000000000
0000000000000000
0000000000000000
0000000000000000
------
0000000000000000
0000000000000000
0000000000000000
0000000000000000
0000000000000000
0000100000000000
0000010000001000
0000100100101010
1100110000000110
0000000000000100
0000100000000010
0000000000000000
0000000000000000
0000000000000000
0000000000000000
------
0000000000000000
0000000000000000
0000000000000000
0000000000000000
0000000000000000
0001100000000000
0000010000001000
1001000000000011
0000010110010100
1000000000000000
0000011000000000
0000000000000000
0000000000000000
0000000000000000
0000000000000000
------
0000000000000000
0000000000000000
0000000000000000
0000000000000000
0000000000000000
0001000000000000
0000000000011100
1000101000101010
0010001000011010
0000010000000100
0000000000011000
0000000000000000
0000000000000000
0000000000000000
0000000000000000
------
0000000000000000
0000000000000000
0000000000000000
0000000000000000
0000000000000000
0000000000000000
0010010000000000
0000001110001000
1111000000001011
0000001101000000
0000000000000010
0000000000000000
0000000000000000
0000000000000000
0000000000000000
------
0000000000000000
0000000000000000
0000000000000000
0000000000000000
0000000000000000
0000000000100000
0011100000000000
0000000100100100
0010000001100000
1000000000000000
0000000000000000
0000000000000000
0000000000000000
0000000000000000
0000000000000000
------
0000000000000000
0000000000000000
0000000000000000
0000000000000000
0000000000000000
0001000000000000
0000100000000000
0000000000101011
0000100000011000
0010000000000000
0000000000000000
0000000000000000
0000000000000000
0000000000000000
0000000000000000
------
0000000000000000
0000000000000000
0000000000000000
0000000000000000
0000000000000000
0001000000000000
0000000000000010
1000100000101001
0000010000010000
0000000000000000
0000000000000000
0000000000000000
0000000000000000
0000000000000000
0000000000000000
------
0000000000000000
0000000000000000
0000000000000000
0000000000000000
0000000000000000
0000000000011000
0001101000000000
0011111010000000
0100001001000100
0000000000000000
0000000010000000
0000000000000000
0000000000000000
0000000000000000
0000000000000000
------
0000000000000000
0000000000000000
0000000000000000
0000000000000000
0000000000000000
0000000000000000
0000000000101010
0000100000000010
0000100000111000
0010000000000000
0000000000000000
0000000000000000
0000000000000000
0000000000000000
0000000000000000
------
0000000000000000
0000000000000000
0000000000000000
0000000000000000
0000000000000000
0001100000000000
0000000000001100
0000111100000000
0000000000001110
0000110000000000
0000000000000000
0000000000000000
0000000000000000
0000000000000000
0000000000000000
------
0000000000000000
0000000000000000
0000000000000000
0000000000000000
0000000000000000
0001000000000000
0000100000001010
0000000100001010
0000000000000110
0000010000000000
0000000000000000
0000000000000000
0000000000000000
0000000000000000
0000000000000000
------
0000000000000000
0000000000000000
0000000000000000
0000000000000000
0000000000000000
0000000000010000
0000100000101000
0000000000001000
0000001100000110
0000010000000000
0000000000000000
0000000000000000
0000000000000000
0000000000000000
0000000000000000
------
0000000000000000
0000000000000000
0000000000000000
0000000000000000
0000000000000000
0010010000000000
0000101000001000
0000000010000001
0000010010000000
0000000100000000
0000000000000000
0000000000000000
0000000000000000
0000000000000000
0000000000000000
------
0000000000000000
0000000000000000
0000000000000000
0000000000000000
0000000000000000
0001100000000000
0010100000001000
0000100000000000
1000000010000000
0000000110000000
0000000000000000
0000000000000000
0000000000000000
0000000000000000
0000000000000000
------
0000000000000000
0000000000000000
0000000000000000
0000000000000000
0000000000000000
0000000000011000
0001110000000000
0000010000001100
0001010000000000
0000000000110000
0000000000000000
0000000000000000
0000000000000000
0000000000000000
0000000000000000
------
0000000000000000
0000000000000000
0000000000000000
0000000000000000
0000000000000000
0001000000000000
0000010000001100
0001110010000000
1000100000100000
0000000000000000
0000000000000000
0000000000000000
0000000000000000
0000000000000000
0000000000000000
------
0000000000000000
0000000000000000
0000000000000000
0000000000000000
0000000000000000
0000000000010000
0001010000000000
0010000000011110
0000000000000100
0000100000000000
0000000000000000
0000000000000000
0000000000000000
0000000000000000
0000000000000000
------
0000000000000000
0000000000000000
0000000000000000
0000000000000000
0000000000000000
0000000000000000
0000010000000100
1001010000100101
0100000000010000
0000000000000000
0000000000000000
0000000000000000
0000000000000000
0000000000000000
0000000000000000
------
0000000000000000
0000000000000000
0000000000000000
0000000000000000
0000000000000000
0000000000001100
0000100000000000
0001011101000001
1100110001000000
0000000000001100
0000100000000000
0000000000000000
0000000000000000
0000000000000000
0000000000000000
------
0000000000000000
0000000000000000
0000000000000000
0000000000000000
0000000000000000
0000000000000000
0000011000010010
0000000100100101
0000000000000011
0000000000000000
0000000000000000
0000000000000000
0000000000000000
0000000000000000
0000000000000000
------
0000000000000000
0000000000000000
0000000000000000
0000000000000000
0000000000000000
0000000000001000
0000000000011000
1000000000001110
0000100000001000
0000000000010000
0000000000000000
0000000000000000
0000000000000000
0000000000000000
0000000000000000
------
0000000000000000
0000000000000000
0000000000000000
0000000000000000
0000000000000000
0001100000000000
0000000000001000
1001110000000011
1000000010000000
0000000000000000
0000000000000000
0000000000000000
0000000000000000
0000000000000000
0000000000000000
------
0000000000000000
0000000000000000
0000000000000000
0000000000000000
0000000000000000
0000000000000000
0000010100001000
0000010100010001
0000000000011100
0001000000000000
0000000000000000
0000000000000000
0000000000000000
0000000000000000
0000000000000000
------
0000000000000000
0000000000000000
0000000000000000
0000000000000000
0000000000000000
0000000000000000
0000111000010000
0000010000000011
0001100000000000
0000000000010000
0000000000000000
0000000000000000
0000000000000000
0000000000000000
0000000000000000
------
0000000000000000
0000000000000000
0000000000000000
0000000000000000
0000000000000000
0000000000001100
0000000100000000
0001000101000000
0000000011000000
0100000000000000
0000000010000000
0000000000000000
0000000000000000
0000000000000000
0000000000000000
------
0000000000000000
0000000000000000
0000000000000000
0000000000000000
0000000000000000
0000000000000000
0001001000000010
0100001100000000
1000000010000001
0000001000000000
0000000000000000
0000000000000000
0000000000000000
0000000000000000
0000000000000000
------
0000000000000000
0000000000000000
0000000000000000
0000000000000000
0000000000000000
0000000000000000
1000000000001100
1110001000000000
0000000111000000
1000000000000001
0000000000000000
0000000000000000
0000000000000000
0000000000000000
0000000000000000
------
0000000000000000
0000000000000000
0000000000000000
0000000000000000
0000000000000000
0000010000000000
0000101100000000
0000011111000000
0000001000001000
0000000000000000
0000000000000000
0000000000000000
0000000000000000
0000000000000000
0000000000000000
------
0000000000000000
0000000000000000
0000000000000000
0000000000000000
0000000000000000
0000010000000000
0000010100000101
1100000000000001
0000000110000000
0000000000000000
0000000000000000
0000000000000000
0000000000000000
0000000000000000
0000000000000000
------
0000000000000000
0000000000000000
0000000000000000
0000000000000000
0000000000000000
0000001100000000
1000000000000011
0000001111000000
0000000100000001
0000010000000000
0000000000000000
0000000000000000
0000000000000000
0000000000000000
0000000000000000
------
0000000000000000
0000000000000000
0000000000000000
0000000000000000
0000000000000000
0000001100000000
0100000000000011
0100000101000000
0100000001000000
0000000000000000
0000000000000000
0000000000000000
0000000000000000
0000000000000000
0000000000000000
------
0000000000000000
0000000000000000
0000000000000000
0000000000000000
0000000000000000
0000000100000000
1100000000000001
0000000111100000
0100000000000001
0000001000000000
0000000000000000
0000000000000000
0000000000000000
0000000000000000
0000000000000000
------
0000000000000000
0000000000000000
0000000000000000
0000000000000000
0000000000000000
0000000100000000
1000000001000001
0001100010000010
0000000000110000
0100000000000000
0000000000000000
0000000000000000
0000000000000000
0000000000000000
0000000000000000
------
0000000000000000
0000000000000000
0000000000000000
0000000000000000
0000000000000000
0000000000000110
0000001000000010
1010000010100110
0010100000000001
0000100000001000
0011000000000000
0000000000000000
0000000000000000
0000000000000000
0000000000000000
------
0000000000000000
0000000000000000
0000000000000000
0000000000000000
0000000000000000
0000000010000000
0100000000100000
0000010000010100
0101000000000100
0010000000000000
0000000000000000
0000000000000000
0000000000000000
0000000000000000
0000000000000000
------
0000000000000000
0000000000000000
0000000000000000
0000000000000000
0000000000000000
0000000000000100
0000000000000011
1000100010100000
1100000000000001
0000000100000000
0000000000000000
0000000000000000
0000000000000000
0000000000000000
0000000000000000
------
0000000000000000
0000000000000000
0000000000000000
0000000000000000
0000000000000000
0001000000000000
0110000000000000
1000000000100100
0000110000010000
0001000000000000
0000000000000000
0000000000000000
0000000000000000
0000000000000000
0000000000000000
------
0000000000000000
0000000000000000
0000000000000000
0000000000000000
0000000000000000
0000000000000011
1000001010000000
0000110110100000
1001001000010000
0000100000100000
0000000000000000
0000000000000000
0000000000000000
0000000000000000
0000000000000000
------
0000000000000000
0000000000000000
0000000000000000
0000000000000000
0000000000000000
0000000000000010
1000001010000000
0101010000000001
1100000000000000
0100000000000000
0000000000000000
0000000000000000
0000000000000000
0000000000000000
0000000000000000
------
0000000000000000
0000000000000000
0000000000000000
0000000000000000
0000000000000000
1000000000000001
0000000110000000
0011001001000000
0010000000010000
0000000001000000
0000000000000000
0000000000000000
0000000000000000
0000000000000000
0000000000000000
------
