000000000000000000000000
000000000000000000000000
000000000000000000000000
000000000000000000000000
000000000000000000000000
000000000000000000000000
000000010000000100000000
001000001000100010000010
101000100001100010001000
000110000000001100000000
000000000000000000010000
000000000000000000000000
000000000000000000000000
000000000000000000000000
000000000000000000000000
000000000000000000000000
------
000000000000000000000000
000000000000000000000000
000000000000000000000000
000000000000000000000000
000000000000000000000000
000000000010000000000000
000000000001000000000000
001100000000111000000000
000001000101000100011100
100010000010001000001000
000000000000000000010000
000000000000000000000000
000000000000000000000000
000000000000000000000000
000000000000000000000000
000000000000000000000000
------
000000000000000000000000
000000000000000000000000
000000000000000000000000
000000000000000000000000
000000000000000000000000
000000000000000000000000
000000000000000000000000
000001100000000001010000
010001000001010100000101
000010000010001000001010
001100000000000000000000
000000000000000000100000
000000000000000000000000
000000000000000000000000
000000000000000000000000
000000000000000000000000
------
000000000000000000000000
000000000000000000000000
000000000000000000000000
000000000000000000000000
001000000000000000000000
000000000011000000000000
000010100000000000110010
000101000100010000010101
010001100001000100011101
000000000011001000001010
001100000000000000000000
000000000000000000100000
000000000000000000000000
000000000000000000000000
000000000000000000000000
000000000000000000000000
------
000000000000000000000000
000000000000000000000000
000000000000000000000000
000000000000000000000000
000000000000000000000000
010000000000000000000000
000000000110100000000011
100010100010101000101000
101010101000100000101010
100000000011001000000000
000000000000010000000000
000000000000000000000000
000000000000000000000000
000000000000000000000000
000000000000000000000000
000000000000000000000000
------
000000000000000000000000
000000000000000000000000
000000000000000000000000
000000000000000000000000
000000000000000000000000
000000000000000000000000
000000000010000000000101
101010001010101010101010
000010001000101000101011
000010000000001000001010
000000000000010000010000
000000000000000000100000
000000000000000000000000
000000000000000000000000
000000000000000000000000
000000000000000000000000
------
000000000000000000000000
000000000000000000000000
000000000000000000000000
000000000000000000000000
000000000000000000000000
000000000000000100000000
000000000000000010000000
000000011000000001110000
010000000001000110010100
100010000010001000001010
000000000000000000010000
000000000000000000000000
000000000000000000000000
000000000000000000000000
000000000000000000000000
000000000000000000000000
------
000000000000000000000000
000000000000000000000000
000000000000000000000000
000000000000000000000000
000000000000000000000000
000000000000000000010000
000100000000011100000000
000111000100011100010001
001000100011100010000110
010000000010000100001100
000000000000000000010000
000000000000000000100000
000000000000000000000000
000000000000000000000000
000000000000000000000000
000000000000000000000000
------
000000000000000000000000
000000000000000000000000
000000000000000000000000
000000000000000000000000
000000000000000000000000
000000000000000001000000
011000000010100010001000
000110010100010001010000
010011100000001000011000
000010000010001000101000
000000000100000000010000
000000000000000000000000
000000000000000000000000
000000000000000000000000
000000000000000000000000
000000000000000000000000
------
000000000000000000000000
000000000000000000000000
000000000000000000000000
000000000000000000000000
000000000000000000000000
000000000000000001000001
110000000000001000000000
010101010101010101010001
101010101000101010100010
000000000010000000001100
000000000100000000010000
000000000000000000000000
000000000000000000000000
000000000000000000000000
000000000000000000000000
000000000000000000000000
------
000000000000000000000000
000000000000000000000000
000000000000000000000000
000000000000000000000000
000000000000000000000000
000000000000000000000000
000000000000000001000000
010001100001000000000000
000001100001000100011100
000010000010101000001010
000000000000000000010000
000000000000000000000000
000000000000000000000000
000000000000000000000000
000000000000000000000000
000000000000000000000000
------
000000000000000000000000
000000000000000000000000
000000000000000000000000
000000000000000000000000
000000000000000000000000
000000000000000000000000
000000000000000000000000
011100000000000000000100
101010100000100010101010
000000000010000100001100
000000000000000000011000
000000000000000000000000
000000000000000000000000
000000000000000000000000
000000000000000000000000
000000000000000000000000
------
000000000000000000000000
000000000000000000000000
000000000000000000000000
000000000000000000000000
000000000000000000000000
000000000000000010000000
010000010001000001010100
001100001000101010100010
101010101000101010100010
000000000010000000001100
000000000100000000010000
000000000000000000000000
000000000000000000000000
000000000000000000000000
000000000000000000000000
000000000000000000000000
------
000000000000000000000000
000000000000000000000000
000000000000000000000000
000000000000000000000000
000000000000000000000000
000010000000000000000000
000001010100010000010001
101000101010001000100010
000010010000100001110011
000100000001000010000110
001000000000000000000000
000000000000000000000000
000000000000000000000000
000000000000000000000000
000000000000000000000000
000000000000000000000000
------
000000000000000000000000
000000000000000000000000
000000000000000000000000
000000000000000000000000
000000000000000000000000
000000000000001000000000
010001000000000100000000
010100010110010001010101
101010101000101010001010
100000000010000100000100
000000000100000000000000
000000000000000000000000
000000000000000000000000
000000000000000000000000
000000000000000000000000
000000000000000000000000
------
000000000000000000000000
000000000000000000000000
000000000000000000000000
000000000000000000000000
000000000000000000000000
000000000000010000000000
000010000000001000001010
000100010101010100010101
001010100000100011101110
000000000010000100001100
000000000000000000010000
000000000000000000000000
000000000000000000000000
000000000000000000000000
000000000000000000000000
000000000000000000000000
------
000000000000000000000000
000000000000000000000000
000000000000000000000000
000000000000000000000000
000000000000000000000000
000000000000000000000000
100000000000000000000000
011100000000000110000000
010101000001000001010101
010000000000001000011000
000000000000000000010000
000000000000000000000000
000000000000000000000000
000000000000000000000000
000000000000000000000000
000000000000000000000000
------
000000000000000000000000
000000000000000000000000
000000000000000000000000
000000000000000000000000
000000000000000000000000
000000000000000000000000
000000000000001000001000
000001000000000100010100
100010000000101000001011
000000000001010000000110
001100000000000000000000
000000000001000000000000
000000000000000000000000
000000000000000000000000
000000000000000000000000
000000000000000000000000
------
000000000000000000000000
000000000000000000000000
000000000000000000000000
000000000000000000000000
000000000000000000000000
000000000000000000000000
000000000000100000000000
000100010000010101000100
000011000000001001110000
000000000011000000001110
000000000000000000010000
000000000000000000100000
000000000000000000000000
000000000000000000000000
000000000000000000000000
000000000000000000000000
------
000000000000000000000000
000000000000000000000000
000000000000000000000000
000000000000000000000000
000000000000000000000000
000000000000000000000000
000000000000010000000000
000000001000101000000010
000100000001010001000111
000000000011000000001110
001000000000000000000000
000000000000000000100000
000000000000000000000000
000000000000000000000000
000000000000000000000000
000000000000000000000000
------
000000000000000000000000
000000000000000000000000
000000000000000000000000
000000000000000000000000
000000000000000000000000
000000000000000000000000
000000001000000010000000
000100000101000001000000
101010100000100010100010
000000000010000100001100
000000000000000000011000
000000000000000000000000
000000000000000000000000
000000000000000000000000
000000000000000000000000
000000000000000000000000
------
000000000000000000000000
000000000000000000000000
000000000000000000000000
000000000000000000000000
000000000100000000000000
000000000001000000000000
010000000001000000000000
000101010100010100110100
110001000101010110010100
100000000010000000000110
000000000100000000000000
000000000000000000000000
000000000000000000000000
000000000000000000000000
000000000000000000000000
000000000000000000000000
------
000000000000000000000000
000000000000000000000000
000000000000000000000000
000000000000000000000000
000000000000000000000000
000000000000000000000000
000000000000000000000001
101000000100000000100010
000100000100010101010101
000010000000101000001010
000000000000000000001000
000000000000000000000000
000000000000000000000000
000000000000000000000000
000000000000000000000000
000000000000000000000000
------
000000000000000000000000
000000000000000000000000
000000000000000000000000
000000000000000000000000
000000000000000000000000
000000000000000000000000
010000000000000000000000
001010100010000010001000
100010000000101000100010
000000000010000100001100
001000000000000000001000
000000000000000000000000
000000000000000000000000
000000000000000000000000
000000000000000000000000
000000000000000000000000
------
000000000000000000000000
000000000000000000000000
000000000000000000000000
000000000000000000000000
000000000000000000000000
000000000000000000000000
000000000100000000000000
100010000010101000100000
001000100000100010101010
000000000010000000001110
000000000000000000000000
000000000000000000100000
000000000000000000000000
000000000000000000000000
000000000000000000000000
000000000000000000000000
------
000000000000000000000000
000000000000000000000000
000000000000000000000000
000000000000000000000000
000000000000000000000000
000000100000000000000000
000000000000000000000110
000001100000000111000000
010000000100000100010001
000000000010001000101000
001000000000010000000000
000000000000000000000000
000000000000000000000000
000000000000000000000000
000000000000000000000000
000000000000000000000000
------
000000000000000000000000
000000000000000000000000
000000000000000000000000
000000000000000000000000
000000000000000000000000
000000000000100000000000
000000010001110000000000
001010101010101010001010
010101010001010001010101
001000000001000010000010
000100000000000000000000
000000000000000000000000
000000000000000000000000
000000000000000000000000
000000000000000000000000
000000000000000000000000
------
000000000000000000000000
000000000000000000000000
000000000000000000000000
000000000000000000000000
000000000000000000000000
000000010000000000000000
000011001000000010100000
100000100010001010111000
101000101000100000101010
000010000000001000100000
000000000000010010000000
000000000000000000000000
000000000000000000000000
000000000000000000000000
000000000000000000000000
000000000000000000000000
------
000000000000000000000000
000000000000000000000000
000000000000000000000000
000000000000000000000000
000000000000000000000000
000000000000001000000000
000000000000000100000000
000000110000000011100000
100000000000101010101010
000100000000000100000100
001000000000000000001000
000000000000000000000000
000000000000000000000000
000000000000000000000000
000000000000000000000000
000000000000000000000000
------
000000000000000000000000
000000000000000000000000
000000000000000000000000
000000000000000000000000
000000000000000000000000
000000000000000000000000
000110000000000000000000
000011000000000000100001
001000101001100000000110
100010000010001000001010
000000000000000000010000
000000000000000000000000
000000000000000000000000
000000000000000000000000
000000000000000000000000
000000000000000000000000
------
000000000000000000000000
000000000000000000000000
000000000000000000000000
000000000000000000000000
000000000000000000000000
000100000000000010000000
000010001010000000000000
010001000101000011010001
001111000100111000100001
000000000000000100001100
001000000000000000001000
000000000000000000000000
000000000000000000000000
000000000000000000000000
000000000000000000000000
000000000000000000000000
------
000000000000000000000000
000000000000000000000000
000000000000000000000000
000000000000000000000000
000000000000000000000000
000000000000000100000000
000000100000000011000000
000101010001010101010101
000101010101010100010101
000010000000001000101000
000000000000000000011000
000000000000000000000000
000000000000000000000000
000000000000000000000000
000000000000000000000000
000000000000000000000000
------
000000000000000000000000
000000000000000000000000
000000000000000000000000
000000000000000000000000
000000000000000000000000
000000000000000000000000
001000000000000000000000
000000000010001000011000
010101000001000100010101
000000000010000000001100
001000000000100000001000
000000000000000000000000
000000000000000000000000
000000000000000000000000
000000000000000000000000
000000000000000000000000
------
000000000000000000000000
000000000000000000000000
000000000000000000000000
000000000000000000000000
000000000000000000000000
000000000000000100000000
000100000001001001000001
010001010101010001000100
001000101000100000101010
100010000010001000100000
000000000100010000000000
000000000000000000000000
000000000000000000000000
000000000000000000000000
000000000000000000000000
000000000000000000000000
------
000000000000000000000000
000000000000000000000000
000000000000000000000000
000000000000000000000000
000000000000000000000000
100000000000000000000001
010000010000001000010000
101011100010000010101000
100010000010001100101001
001000000000000000000110
000100000000000000001000
000000000000000000000000
000000000000000000000000
000000000000000000000000
000000000000000000000000
000000000000000000000000
------
000000000000000000000000
000000000000000000000000
000000000000000000000000
000000000000000000000000
000000000000000000000000
000000000000100000000000
000100000000010001000101
101010001000101000100010
001010001000101000100011
000000000001000001001000
000000000100000000011000
000000000000000000000000
000000000000000000000000
000000000000000000000000
000000000000000000000000
000000000000000000000000
------
000000000000000000000000
000000000000000000000000
000000000000000000000000
000000000000000000000000
000000000000000000000000
000000000000000000000000
000001100000000000000000
100010100000001000000000
010001000100010101010101
000110000000000001000000
000000000000000000010000
000000000000000000000000
000000000000000000000000
000000000000000000000000
000000000000000000000000
000000000000000000000000
------
000000000000000000000000
000000000000000000000000
000000000000000000000000
000000000000000000000000
000000000000000000000000
000000000000000000000000
010000000000000000000000
000100000100010001000101
000100000001000101010101
000110000000100000000010
000000000000000000010000
000000000000000000000000
000000000000000000000000
000000000000000000000000
000000000000000000000000
000000000000000000000000
------
000000000000000000000000
000000000000000000000000
000000000000000000000000
000000000000000000000000
000000000000000000001000
000010000000000100000000
000000000000110000000011
101010101000001010001010
000101000101010100010101
000000000000001000111000
000000000000000000010000
000000000000000000000000
000000000000000000000000
000000000000000000000000
000000000000000000000000
000000000000000000000000
------
000000000000000000000000
000000000000000000000000
000000000000000000000000
000000000000000000000000
000000000000000000000000
100000000000000000000000
010100000100000000010000
010000110111000000010101
101011101000000010100000
000100000000010001000100
000000000100000000010000
000000000000000000000000
000000000000000000000000
000000000000000000000000
000000000000000000000000
000000000000000000000000
------
000000000000000000000000
000000000000000000000000
000000000000000000000000
000000000000000000000000
000000000000000000000000
000000000000000000000000
000000000000000010000010
000000010000000001000101
101000100000101010100010
000000000010000100001100
001000000000000000001000
000000000000000000000000
000000000000000000000000
000000000000000000000000
000000000000000000000000
000000000000000000000000
------
000000000000000000000000
000000000000000000000000
000000000000000000000000
000000000000000000000000
000000000000000000000000
000000000000000000010000
100010001010011000000000
000010001100101000100010
001010101000100000101010
100010000010001000100000
000000000100000000000000
000000000000000000000000
000000000000000000000000
000000000000000000000000
000000000000000000000000
000000000000000000000000
------
000000000000000000000000
000000000000000000000000
000000000000000000000000
000000000000000000000000
000000000000000000000000
000000000001000001000000
000000000000100011100000
010100010101010001010100
010101010000010001010101
000000000001100010000010
000100000000000000000100
000000000000000000000000
000000000000000000000000
000000000000000000000000
000000000000000000000000
000000000000000000000000
------
000000000000000000000000
000000000000000000000000
000000000000000000000000
000000000000000000000000
000000000000000000000000
000000000000000001000000
000010001000001000100000
100010000100010100000001
101010101000001010101010
100000100000100010000010
000000000000000100000000
000000000000000000001000
000000000000000000000000
000000000000000000000000
000000000000000000000000
000000000000000000000000
------
000000000000000000000000
000000000000000000000000
000000000000000000000000
000000000000000000000000
010000000000000000000000
000000000000000100000000
100000000110000000000001
010100010101010001010000
000001011011010100001001
100001000000000000011000
000000000000000000000100
000000000000000000000000
000000000000000000000000
000000000000000000000000
000000000000000000000000
000000000000000000000000
------
000000000000000000000000
000000000000000000000000
000000000000000000000000
000000000000000000000000
000000000000000000000000
000000000000000000000000
000000000000000000001000
000010001000001000100010
000101000100010001010101
010000000001000100000100
000000000000000000001000
000000000000000000000000
000000000000000000000000
000000000000000000000000
000000000000000000000000
000000000000000000000000
------
000000000000000000000000
000000000000000000000000
000000000000000000000000
000000000000000000000000
000000000000000000000000
000000000000000000000000
000000110000000000001000
000010000000001100000000
101000100000100000001010
000001000011000000001100
001000000000000000000000
000000000000000000100000
000000000000000000000000
000000000000000000000000
000000000000000000000000
000000000000000000000000
------
000000000000000000000000
000000000000000000000000
000000000000000000000000
000000000000000000000000
000000000000000000000000
000000000000000000000000
000000000000000001000000
001000000000100010101000
000100000101010101010100
000110000000001000100000
000000000000000000010000
000000000000000000000000
000000000000000000000000
000000000000000000000000
000000000000000000000000
000000000000000000000000
------
000000000000000000000000
000000000000000000000000
000000000000000000000000
000000000000000000000000
000000000000000000000000
000000000000000000000000
000000000000000000000100
001000100000100010000010
001010100000000010101010
000000000011000000001110
001100000000000000000000
000000000000000000100000
000000000000000000000000
000000000000000000000000
000000000000000000000000
000000000000000000000000
------
000000000000000000000000
000000000000000000000000
000000000000000000000000
000000000000000000000000
000000000000000000000001
100000000000000000000000
001000000000000010000010
100010000100001001101001
001101010000000101000101
100000000000010000100001
000000100000000000000010
000000000000000000000100
000000000000000000000000
000000000000000000000000
000000000000000000000000
000000000000000000000000
------
000000000000000000000000
000000000000000000000000
000000000000000000000000
000000000000000000000000
000000000000000000000000
000000000000000000010000
000100010001000101000100
000001000100000100010100
000101010101000100010101
010100010000010001000100
000000000000100000000000
000000000000000000000000
000000000000000000000000
000000000000000000000000
000000000000000000000000
000000000000000000000000
------
000000000000000000000000
000000000000000000000000
000000000000000000000000
000000000000000000000000
000000000000000000000000
000000000000000010000010
000100010000010001000001
100011001000001000100011
111000000000101010001010
010001000001000100000101
000000000000000000001000
000000000000000000000000
000000000000000000000000
000000000000000000000000
000000000000000000000000
000000000000000000000000
------
000000000000000000000000
000000000000000000000000
000000000000000000000000
000000000000000000000000
000000000000000000000000
000001000000000000000000
100000100010001000000000
101010001010001010100010
010001010101000001010001
010000000001010001000001
000000000000000010000010
000000000000000000000000
000000000000000000000000
000000000000000000000000
000000000000000000000000
000000000000000000000000
------
000000000000000000000000
000000000000000000000000
000000000000000000000000
000000000000000000000000
000000000000000000000000
000000000100000100000000
110000000000001000000001
010001010101010101010001
100010100010101010101010
000000100000000100010101
000000000000000000001000
000000000000000000000000
000000000000000000000000
000000000000000000000000
000000000000000000000000
000000000000000000000000
------
000000000000000000000000
000000000000000000000000
000000000000000000000000
000000000000000000000000
000000000000000000000000
000000000000000000000000
000000000000000000001000
000011000000000100010000
100010100010101010001010
000000000000000100001100
000000000000001000001000
000000000000000000000000
000000000000000000000000
000000000000000000000000
000000000000000000000000
000000000000000000000000
------
000000000000000000000000
000000000000000000000000
000000000000000000000000
000000000000000000000000
000000000000000000000000
000000000000000100000100
000000000000000010001110
010001010001010101000101
011000110000100101001100
100010000000010000000001
000001000000000000000000
000000000000000000000000
000000000000000000000000
000000000000000000000000
000000000000000000000000
000000000000000000000000
------
000000000000000000000000
000000000000000000000000
000000000000000000000000
000000000000000000000000
000000000000000000000000
000000000000000000000000
000000000000000001000001
000000010000000001100000
010100010000010101010001
000000100001000000000110
000000000000000000001000
000000000000000000010000
000000000000000000000000
000000000000000000000000
000000000000000000000000
000000000000000000000000
------
000000000000000000000000
000000000000000000000000
000000000000000000000000
000000000000000000000000
000000000000000000000000
000000100000000000000000
001000010000000100000010
010101010101010001000000
001010110000101000101010
000000000011000000001110
001000000000010000000000
000000000000000000100000
000000000000000000000000
000000000000000000000000
000000000000000000000000
000000000000000000000000
------
000000000000000000000000
000000000000000000000000
000000000000000000000000
000000000000000000000000
000000000000000000000000
000000000001100000000000
001000000000100000000000
001010100110101000101010
101010101000101010101010
100010000010001000001000
000000000000000000010000
000000000000000000000000
000000000000000000000000
000000000000000000000000
000000000000000000000000
000000000000000000000000
------
000000000000000000000000
000000000000000000000000
000000000000000000000000
000000000000000000000000
000000000000000000000000
000000000000000000000000
001000000000000000000000
011100000001000000000000
101010100000100010001010
000000000001000000000111
000000000000001000001000
000000000000000000000000
000000000000000000000000
000000000000000000000000
000000000000000000000000
000000000000000000000000
------
000000000000000000000000
000000000000000000000000
000000000000000000000000
000000000000000000000000
000000000000000000000000
001000000000000000000000
010101000000000000000100
101010100010101010101010
000101000101010100010101
000000000000001000111000
000000000000010000010000
000000000000000000000000
000000000000000000000000
000000000000000000000000
000000000000000000000000
000000000000000000000000
------
000000000000000000000000
000000000000000000000000
000000000000000000000000
000000000000000000000000
000000000000000000000000
000000000000000000000000
000000000000000000000100
101000100000100010000010
000110000000011001000001
000001000000000100010100
000000000000000000001100
000000000000000000000000
000000000000000000000000
000000000000000000000000
000000000000000000000000
000000000000000000000000
------
000000000000000000000000
000000000000000000000000
000000000000000000000000
000000000000000000000000
000000000000000000000000
000000000000000000000010
000000100010001000000000
101010001000101010101010
011100000001110011000100
000010001010000000100000
000100000100000000000000
000000000000000000000000
000000000000000000000000
000000000000000000000000
000000000000000000000000
000000000000000000000000
------
000000000000000000000000
000000000000000000000000
000000000000000000000000
000000000000000000000000
000000000000000000000000
000000001000000000000000
010100000001000011000000
101010101010100010100010
101010101010100000100000
001100000000000010000100
000000001100000000000000
100000000000000000000000
000000000000000000000000
000000000000000000000000
000000000000000000000000
000000000000000000000000
------
000000000000000000000000
000000000000000000000000
000000000000000000000000
000000000000000000000000
000000000000000000000000
100000000000000000000000
011000100000000100000000
010101010101000101010101
101010101010100000101000
001100000000000010000000
010000000000000000010000
000000000000000000000000
000000000000000000000000
000000000000000000000000
000000000000000000000000
000000000000000000000000
------
000000000000000000000000
000000000000000000000000
000000000000000000000000
000000000000000000000000
000000000000000000000000
000100000000000000000001
100010001000001000100000
001000001010101000001000
010101010101000101010100
010000000000010001000001
000000000000000010000000
000000000000000000000000
000000000000000000000000
000000000000000000000000
000000000000000000000000
000000000000000000000000
------
000000000000000000000000
000000000000000000000000
000000000000000000000000
000000000000000000000000
000000000000000000000000
000000000000000000001000
010001000001000100000100
101000100010101010001010
100010100010101010101010
000011000000000000011000
000000000000000000001000
000000000000000000000000
000000000000000000000000
000000000000000000000000
000000000000000000000000
000000000000000000000000
------
000000000000000000000000
000000000000000000000000
000000000000000000000000
000000000000000000000000
000000000000000000000000
000000010000000000100000
000100001000010100110000
001000100011000100001000
010101000101010101000001
000000011001000000000100
000000100000000000001000
000000000000000000000000
000000000000000000000000
000000000000000000000000
000000000000000000000000
000000000000000000000000
------
000000000000000000000000
000000000000000000000000
000000000000000000000000
000000000000000000000000
000000000000000000000000
000000000000000000000000
000000001000000000000000
001000000000000010001000
010101010100010001010101
000001000001000100010000
000100000000000000000000
000000000000000000000000
000000000000000000000000
000000000000000000000000
000000000000000000000000
000000000000000000000000
------
000000000000000000000000
000000000000000000000000
000000000000000000000000
000000000000000000000000
000000000000000000000000
000001000000000000000000
000000110000000100001100
100010101010101010000010
001010110000000000101010
110001000100001000000000
000000000000000000000000
000000000000000000000010
000000000000000000000000
000000000000000000000000
000000000000000000000000
000000000000000000000000
------
000000000000000000000000
000000000000000000000000
000000000000000000000000
000000000000000000000000
000000000000000000000000
000000000000100000000000
000000010001110000000000
001010101010101010001010
010101010101010101000001
001000001000000000000110
000000000000010000000000
000000000000000000000000
000000000000000000000000
000000000000000000000000
000000000000000000000000
000000000000000000000000
------
000000000000000000000000
000000000000000000000000
000000000000000000000000
000000000000000000000000
000000000000000000000000
000000100000000000000000
010000000000001000000000
000000001110000000000011
101000100010000010100000
000001000000000100010100
000000000000000000001000
000000000000000000000000
000000000000000000000000
000000000000000000000000
000000000000000000000000
000000000000000000000000
------
000000000000000000000000
000000000000000000000000
000000000000000000000000
000000000000000000000000
000000000000000000000000
000000000000000000000000
000000000000000000000010
010100010000010001000001
110101000000001100010000
000000000000000010000110
000000000000000000001100
000000000000000000000000
000000000000000000000000
000000000000000000000000
000000000000000000000000
000000000000000000000000
------
000000000000000000000000
000000000000000000000000
000000000000000000000000
000000000000000000000000
100000000000000000000000
010000000000000000000000
001100010000000010000100
000110101000000011100010
000111000000000011110000
000001000010000100001100
000000000000000000010000
000000000000000000000000
000000000000000000000000
000000000000000000000000
000000000000000000000000
000000000000000000000000
------
000000000000000000000000
000000000000000000000000
000000000000000000000000
000000000000000000000000
000000000000000000000000
000010000000000000000000
000011000000000000010001
100010101010101000101010
010100010000010101000101
101000100000100010000010
000000000000000000000100
000000000000000000000000
000000000000000000000000
000000000000000000000000
000000000000000000000000
000000000000000000000000
------
000000000000000000000000
000000000000000000000000
000000000000000000000000
000000000000000000000000
010000000000000000000000
001000000000000000000000
000110000000000000000010
010001100110100000001100
110001100000001100011001
000000000001101000000001
000100000000000000000000
000000000000100000000000
000000000000000000000000
000000000000000000000000
000000000000000000000000
000000000000000000000000
------
000000000000000000000000
000000000000000000000000
000000000000000000000000
000000000000000000000000
000000000000000000000000
000000000000000000000000
000000000000000000010000
000010000000000100001000
100010100010101010101010
000000000000000100011100
000000000000000000001000
000000000000000000000000
000000000000000000000000
000000000000000000000000
000000000000000000000000
000000000000000000000000
------
000000000000000000000000
000000000000000000000000
000000000000000000000000
000000000000000000000000
000000000000000000001000
000001000000000000000100
000000000000100000000011
101010101000001010101010
101000001010101010101010
000000100001000011000000
000000000000000100000000
000000000000001000000000
000000000000000000000000
000000000000000000000000
000000000000000000000000
000000000000000000000000
------
000000000000000000000000
000000000000000000000000
000000000000000000000000
000000000000000000000000
000000000000000000000000
000000000000000000000000
000000000010000000000000
000001000101000000010000
101010101010101000101000
000000000000100010000010
000000000000000000000100
000000000000000000000000
000000000000000000000000
000000000000000000000000
000000000000000000000000
000000000000000000000000
------
000000000000000000000000
000000000000000000000000
000000000000000000000000
000000000000000000000000
000001000000000000000000
000000000000000000000000
000001010100000100000100
010101000101000101000001
101000011010000000001011
011000000000000110001000
100000000000000000000000
000000000000000000000000
000000000000000000000000
000000000000000000000000
000000000000000000000000
000000000000000000000000
------
000000000000000000000000
000000000000000000000000
000000000000000000000000
000000000000000000000000
000000000000000000000000
000000000000000000000011
100000000000011000000001
110101110000000010010100
001100010000010011000110
010001010100000000000000
100000000000000000000000
000000000000000000000000
000000000000000000000000
000000000000000000000000
000000000000000000000000
000000000000000000000000
------
000000000000000000000000
000000000000000000000000
000000000000000000000000
000000000000000000000000
000000000000000000000000
000000000000000000000000
000000000000000001000000
001000001000100000101010
100010100010001000001000
000001000100010000010001
000010000000000000000000
000000000000000000000000
000000000000000000000000
000000000000000000000000
000000000000000000000000
000000000000000000000000
------
000000000000000000000000
000000000000000000000000
000000000000000000000000
000000000000000000000000
000000000000000000000000
000000000000000000000000
000000100000000000000000
010001010100000000000000
100010100010001010101010
000010000000000100011000
000000000000000000001000
000000000000000000000000
000000000000000000000000
000000000000000000000000
000000000000000000000000
000000000000000000000000
------
000000000000000000000000
000000000000000000000000
000000000000000000000000
000000000000000000000000
000000000000000000000000
000000000000000000001000
000011000000000000011000
100010000000101010101010
100010000010001000001010
000000000000000000010000
000000000000000000000000
000000000000000000000000
000000000000000000000000
000000000000000000000000
000000000000000000000000
000000000000000000000000
------
000000000000000000000000
000000000000000000000000
000000000000000000000000
000000000000000000000000
000000000000000000000000
000000000000100000000000
000000010001010100000000
101010100000100010001010
000100000001000100000100
001000000000000000001000
000000000000000000000000
000000000000000000000000
000000000000000000000000
000000000000000000000000
000000000000000000000000
000000000000000000000000
------
000000000000000000000000
000000000000000000000000
000000000000000000000000
000000000000000000000000
000000000000000000000000
000000000110000000000000
100001000011000000000000
001010100000101010101000
000000000010000100001100
001000000000000000001000
000000000000000000000000
000000000000000000000000
000000000000000000000000
000000000000000000000000
000000000000000000000000
000000000000000000000000
------
000000000000000000000000
000000000000000000000000
000000000000000000000000
000000000000000000000000
000000000000000000000000
000000000000000000000000
000000000000010000000000
000010001000001010000010
000001010101000101000101
001000101000000000001000
000000010000000000000000
000000000000000000000000
000000000000000000000000
000000000000000000000000
000000000000000000000000
000000000000000000000000
------
000000000000000000000000
000000000000000000000000
000000000000000000000000
000000000000000000000000
000000000000000000000000
001000000000000000000000
000100000000000001000100
000010101000100010101010
000100000001000101000100
000000000100000000001000
000000000000000000000000
000000000000000000000000
000000000000000000000000
000000000000000000000000
000000000000000000000000
000000000000000000000000
------
000000000000000000000000
000000000000000000000000
000000000000000000000000
000000000000000000000000
000000000000000000000000
000000000100000100000000
000000100000000011100000
100000000000101000100011
000000000011100000001110
001000000000000000000000
000000000000000000000000
000000000000000000000000
000000000000000000000000
000000000000000000000000
000000000000000000000000
000000000000000000000000
------
000000000000000000000000
000000000000000000000000
000000000000000000000000
000000000000000000000000
000000000000000000000000
000000000000000000000000
001000000000000000001000
011100000000000000000100
001010100000100000101010
000100010000110000000001
000000000000000000000000
000000000000000000000100
000000000000000000000000
000000000000000000000000
000000000000000000000000
000000000000000000000000
------
000000000000000000000000
000000000000000000000000
000000000000000000000000
000000000000000000000000
000000000000000000000000
000000001000000000000000
000100000101000000000001
101010101010101000100010
000011000100010001110001
000111000000000100000000
001000000000000000000000
000000000000000000000000
000000000000000000000000
000000000000000000000000
000000000000000000000000
000000000000000000000000
------
000000000000000000000000
000000000000000000000000
000000000000000000000000
000000000000000000000000
000000000000000000000000
000000000000000000000000
000000000000000000100000
001100000000010001000100
001000000010101010001010
010001000001000100000100
000000000000000000001000
000000000000000000000000
000000000000000000000000
000000000000000000000000
000000000000000000000000
000000000000000000000000
------
000000000000000000000000
000000000000000000000000
000000000000000000000000
000000000000000000000000
000000000000000000000000
000000000000000000000000
000100000100000000000000
000010001010000000100000
000101000000010001010001
000000000001100010000110
000000000000000000001100
000000000000000000000000
000000000000000000000000
000000000000000000000000
000000000000000000000000
000000000000000000000000
------
000000000000000000000000
000000000000000000000000
000000000000000000000000
000000000000000000000000
000000000000000000000000
000000000000000000000000
000000000000000000000001
000000010001000001000000
010101010001000101010100
000100000100000001000001
010000000000000100000000
000000000000000000000000
000000000000000000000000
000000000000000000000000
000000000000000000000000
000000000000000000000000
------
000000000000000000000000
000000000000000000000000
000000000000000000000000
000000000000000000000000
000000000010000000000000
000000000000000000100000
001100000000110000000100
000010100010101010101010
101010101010101010001010
000000110001000000001000
000000000000100000000000
000000000000000000000000
000000000000000000000000
000000000000000000000000
000000000000000000000000
000000000000000000000000
------
000000000000000000000000
000000000000000000000000
000000000000000000000000
000000000000000000000000
000000000000000000000000
000000000000000000000000
000100000000000000000100
000000000001100000000111
000100010000010001000101
001000100000100010000010
000000000000000000000100
000000000000000000000000
000000000000000000000000
000000000000000000000000
000000000000000000000000
000000000000000000000000
------
000000000000000000000000
000000000000000000000000
000000000000000000000000
000000000000000000000000
000000000000000000000000
000000000000000000000000
000000000000000100000100
000001000010000110000000
000000010100010000110101
010001000001000100000100
000000000000000000001000
000000000000000000000000
000000000000000000000000
000000000000000000000000
000000000000000000000000
000000000000000000000000
------
000000000000000000000000
000000000000000000000000
000000000000000000000000
000000000000000000000000
000000000000000000000000
000000000000000000010000
100010000010001000001000
001000101000100010101110
000100010000110001000111
000010000000100010000010
000000000000000000001100
000000000000000000000000
000000000000000000000000
000000000000000000000000
000000000000000000000000
000000000000000000000000
------
000000000000000000000000
000000000000000000000000
000000000000000000000000
000000000000000000000000
000000000000000000000000
000000000000000000000000
000000000000010000000000
110000000000001100000000
100010100000100010101010
000001000000000100010101
000000000000000000000100
000000000000000000000000
000000000000000000000000
000000000000000000000000
000000000000000000000000
000000000000000000000000
------
000000000000000000000000
000000000000000000000000
000000000000000000000000
000000000000000000000000
000000000000000000000000
000000000000000000000000
110000000000000000000000
011000000000000100001000
000101010000000000010101
000000000001100000000111
000010000000000000001000
000000000000000000010000
000000000000000000000000
000000000000000000000000
000000000000000000000000
000000000000000000000000
------
000000000000000000000000
000000000000000000000000
000000000000000000000000
000000000000000000000000
010000000000000000000000
001000000010000000000000
000110000000100001000010
110101000100010000010000
000000000001000000000100
000000000010000000001000
000000000000000000000000
000000000000000000000000
000000000000000000000000
000000000000000000000000
000000000000000000000000
000000000000000000000000
------
000000000000000000000000
000000000000000000000000
000000000000000000000000
000000000000000000000000
000000000000000000000000
010000000000000000000000
111000000000000000001000
000101000101000101010101
000010000000001000101000
000000000000000000010000
000000000000000000000000
000000000000000000000000
000000000000000000000000
000000000000000000000000
000000000000000000000000
000000000000000000000000
------
000000000000000000000000
000000000000000000000000
000000000000000000000000
000000000000000000000000
000000000000000000000000
000000000000000000000000
000000000000000000000110
000000000000100001000011
101010101000001010001010
010000000000001000010000
000000100000000000000000
000000000000000000000000
000000000000000000000000
000000000000000000000000
000000000000000000000000
000000000000000000000000
------
000000000000000000000000
000000000000000000000000
000000000000000000000000
000000000000000000000000
000010000000000000000000
000001000000010000000000
000000111000000000001100
001010101000101010000010
000000000010000000001100
000000000000000000010000
000000000000000000000000
000000000000000000000000
000000000000000000000000
000000000000000000000000
000000000000000000000000
000000000000000000000000
------
000000000000000000000000
000000000000000000000000
000000000000000000000000
000000000000000000000000
000000000000000000000000
000000000000000000000000
001000000000000100000000
000100011100000000000000
100010000010101010000010
000001000000000100010100
000000000000001000001000
000000000000000000000000
000000000000000000000000
000000000000000000000000
000000000000000000000000
000000000000000000000000
------
000000000000000000000000
000000000000000000000000
000000000000000000000000
000000000000000000000000
000000000000000000000000
000000000000000000000000
000000000000000000010000
000100010000010100000100
000010100010100010001010
000000000001000100010100
000000000000001000001000
000000000000000000000000
000000000000000000000000
000000000000000000000000
000000000000000000000000
000000000000000000000000
------
000000000000000000000000
000000000000000000000000
000000000000000000000000
000000000000000000000000
000000000000000000000000
000000000000000000001000
000010000000000010000010
100000101010101010101010
101010101010000000101010
100000001000001000000000
000000010000000000000001
000000000000000000000010
000000000000000000000000
000000000000000000000000
000000000000000000000000
000000000000000000000000
------
000000000000000000000000
000000000000000000000000
000000000000000000000000
000000000000000000000000
000000000000000000000000
000000000000010000001000
000110000000000000100000
000001000001010100010101
100010000010001000001010
000000000000000000010000
000000000000000000000000
000000000000000000000000
000000000000000000000000
000000000000000000000000
000000000000000000000000
000000000000000000000000
------
000000000000000000000000
000000000000000000000000
000000000000000000000000
000000000000000000000000
000000000000000000000000
010000000100000100000000
100000000110000000000001
100010000000101010101000
000000000010000000001100
001100000000000000000000
000000000000000000000000
000000000000000000000000
000000000000000000000000
000000000000000000000000
000000000000000000000000
000000000000000000000000
------
000000000000000000000000
000000000000000000000000
000000000000000000000000
000000000000000000000000
000000000000000000000000
000000000000000001000001
100001001000000000100000
010100010100000101010001
011101010000000001000101
011000000010000100000000
110000000000000000000000
000000000000000000000001
000000000000000000000000
000000000000000000000000
000000000000000000000000
000000000000000000000000
------
000000000000000000000000
000000000000000000000000
000000000000000000000000
000000000000000000000000
000000000000000000000000
000000000000000000000000
000000000000000000010000
100010000000001000001000
100010000000001000001000
000000000000000000010000
000000000000000000000000
000000000000000000000000
000000000000000000000000
000000000000000000000000
000000000000000000000000
000000000000000000000000
------
000000000000000000000000
000000000000000000000000
000000000000000000000000
000000000000000000000000
000000000000000000000000
100000000000000000000000
011010000000000110000000
001010100000001010101010
100010000010001000001000
000000000000000000010000
000000000000000000000000
000000000000000000000000
000000000000000000000000
000000000000000000000000
000000000000000000000000
000000000000000000000000
------
000000000000000000000000
000000000000000000000000
000000000000000000000000
000000000000000000000000
000000000000000000000000
000000000000100000000000
000000110001000000001000
101010100000101010001010
000000000001100100000101
000000000000000000001000
000000000000000000000000
000000000000000000000000
000000000000000000000000
000000000000000000000000
000000000000000000000000
000000000000000000000000
------
000000000000000000000000
000000000000000000000000
000000000000000000000000
000000000000000000000000
000000000000000000000000
000000000010000010000000
000001000001000001000000
001000100000101010001000
000000000001100000000111
000010000000000000001000
000000000000000000010000
000000000000000000000000
000000000000000000000000
000000000000000000000000
000000000000000000000000
000000000000000000000000
------
000000000000000000000000
000000000000000000000000
000000000000000000000000
000000000000000000000000
000000000000000000000000
001000000000000000001000
000100010001000001000100
010101000100010100000000
000000000000100000000011
000010000000001000000010
000000000000000000000000
000000000000000000000000
000000000000000000000000
000000000000000000000000
000000000000000000000000
000000000000000000000000
------
000000000000000000000000
000000000000000000000000
000000000000000000000000
000000000000000000000000
000000000000000000000001
110000000000000000000000
010000000000000110000000
010101010100000000010101
010001000001000100000100
000000000000000000001000
000000000000000000000000
000000000000000000000000
000000000000000000000000
000000000000000000000000
000000000000000000000000
000000000000000000000000
------
000000000000000000000000
000000000000000000000000
000000000000000000000000
000000000000000000000000
000000000000000000000000
000000000000000000000010
000000010000000001000101
101000000000101010101010
000000000011000000001100
000000000000000000010000
000000000000000000100000
000000000000000000000000
000000000000000000000000
000000000000000000000000
000000000000000000000000
000000000000000000000000
------
000000000000000000000000
000000000000000000000000
000000000000000000000000
000000000000000000000000
000000000000000000000000
000000000000000000010000
100010000010001000001010
101000000000100000100110
000000000000000100110101
000000000010000000001000
000000000000000000000000
000000000000000000000000
000000000000000000000000
000000000000000000000000
000000000000000000000000
000000000000000000000000
------
000000000000000000000000
000000000000000000000000
000000000000000000000000
000000000000000000000000
000000000000000000000000
000010000000001000000010
000000000000110000000011
010001000000010000000101
100010000010001000001010
000000000000000000010000
000000000000000000000000
000000000000000000000000
000000000000000000000000
000000000000000000000000
000000000000000000000000
000000000000000000000000
------
000000000000000000000000
000000000000000000000000
000000000000000000000000
000000000000000000000000
000000000000000100000000
100000000000000010000000
000000010000100001100000
010100000101000101010101
101010101000001010101010
000000000000100001000011
000010000000000000000010
000000000000000000000000
000000000000000000000000
000000000000000000000000
000000000000000000000000
000000000000000000000000
------
000000000000000000000000
000000000000000000000000
000000000000000000000000
000000000000000000000000
000000000010000000000000
000000000000000000100000
001100000000111000000000
000001000101000100011100
100010000010001000001000
000000000000000000010000
000000000000000000000000
000000000000000000000000
000000000000000000000000
000000000000000000000000
000000000000000000000000
000000000000000000000000
------
000000000000000000000000
000000000000000000000000
000000000000000000000000
000000000000000000000000
000000000000000000000000
000000000000000000000000
000000000000000000000011
000000110000000001000100
101000001010001010100000
100000001000000000010001
100000000000000000100000
000000000000000000000000
000000000000000000000000
000000000000000000000000
000000000000000000000000
000000000000000000000000
------
000000000000000000000000
000000000000000000000000
000000000000000000000000
000000000000000000000000
000000000000000000000000
000000000000000000000000
000001000000000000100000
001000000000100000000100
000101010000010101010100
010000000001000000000110
000000000010000000001000
000000000000000000000000
000000000000000000000000
000000000000000000000000
000000000000000000000000
000000000000000000000000
------
000000000000000000000000
000000000000000000000000
000000000000000000000000
000000000000000000000000
000000000000000000000000
000000000000010000000000
000000001000101010000000
010001100001000010001100
000000000011001000001010
001100000000000000000000
000000000000000000100000
000000000000000000000000
000000000000000000000000
000000000000000000000000
000000000000000000000000
000000000000000000000000
------
000000000000000000000000
000000000000000000000000
000000000000000000000000
000000000000000000000000
000000000000000000000000
000000000000000000001000
001001100000000010000100
100010100000101010001010
000000000000000100010101
000000000000000000001100
000000000000000000000000
000000000000000000000000
000000000000000000000000
000000000000000000000000
000000000000000000000000
000000000000000000000000
------
000000000000000000000000
000000000000000000000000
000000000000000000000000
000000000000000000000000
000000000000000000000000
000000000000000000000000
000000001000000000000000
001100010000000010000100
100011100110000000001000
000010001000100000100010
000100000000000000000000
000000000000000000000000
000000000000000000000000
000000000000000000000000
000000000000000000000000
000000000000000000000000
------
000000000000000000000000
000000000000000000000000
000000000000000000000000
000000000000000000000000
000000000000000000000000
000000000000100000000000
000001010000010100000100
000010100010101010001010
000001000000000000011100
000000000000000000001000
000000000000000000000000
000000000000000000000000
000000000000000000000000
000000000000000000000000
000000000000000000000000
000000000000000000000000
------
000000000000000000000000
000000000000000000000000
000000000000000000000000
000000000000000000000000
000000000000000000000000
000000001000000000000000
000100000100010001000001
100010000010111000010010
000000000001100000000011
000000000000000000001100
000000000000000000000000
000000000000000000000000
000000000000000000000000
000000000000000000000000
000000000000000000000000
000000000000000000000000
------
000000000000000000000000
000000000000000000000000
000000000000000000000000
000000000000000000000000
000000000000000000000000
000000000000000000000000
000001000000000000010000
000000111000000000001000
010001010101000010000000
000000001110000000000011
000000010000000000000100
000000000000000000000000
000000000000000000000000
000000000000000000000000
000000000000000000000000
000000000000000000000000
------
000000000000000000000000
000000000000000000000000
000000000000000000000000
000000000000000000000000
000000000000000000000000
000110000000000000000000
000011000000000000100001
101000111010100000001110
101010100010101010001010
000000000001000000000110
000100000000001000000000
000000000000000000000000
000000000000000000000000
000000000000000000000000
000000000000000000000000
000000000000000000000000
------
000000000000000000000000
000000000000000000000000
000000000000000000000000
000000000000000000000000
000000010000000000000000
000000000000000110000000
000000000110000000000001
001100011000010001000100
000000000000110000000011
000000000000000000000100
000000000000000000001000
000000000000000000000000
000000000000000000000000
000000000000000000000000
000000000000000000000000
000000000000000000000000
------
000000000000000000000000
000000000000000000000000
000000000000000000000000
000000000000000000000000
000000000000000000000000
000000000000000000010000
000010000000101000001010
001000100001000101001100
000000000000100001000011
000000000000000000000110
000000000000000000000000
000000000000000000000000
000000000000000000000000
000000000000000000000000
000000000000000000000000
000000000000000000000000
------
000000000000000000000000
000000000000000000000000
000000000000000000000000
000000000000000000000000
000000000000000000000000
100000100000000000000000
010000000000001100010000
101010100000000010000010
000000000011000000001110
000000000000000000010000
000000000000000000100000
000000000000000000000000
000000000000000000000000
000000000000000000000000
000000000000000000000000
000000000000000000000000
------
000000000000000000000000
000000000000000000000000
000000000000000000000000
000000000000000000000000
000000000000000000000000
001000000000000000000000
000111000000000001100000
101000101000100010100010
000000010000000001000101
000000000000000010000010
000000000000000000000000
000000000000000000000000
000000000000000000000000
000000000000000000000000
000000000000000000000000
000000000000000000000000
------
000000000000000000000000
000000000000000000000000
000000000000000000000000
000000000000000000000000
000000000000000000000000
000000000000000000001000
000001000000000100010101
100010000000101010100010
100000000000011000000001
000000000000100000000010
000000000000000000000000
000000000000000000000000
000000000000000000000000
000000000000000000000000
000000000000000000000000
000000000000000000000000
------
000000000000000000000000
000000000000000000000000
000000000000000000000000
000000000000000000000000
000000000000000000000000
000000000000001100000000
000001101010000010000000
010000000001010101010101
011001110000100000001100
000011100000000010100000
000000000000000000000000
000000000000000000000000
000000000000000000000000
000000000000000000000000
000000000000000000000000
000000000000000000000000
------
000000000000000000000000
000000000000000000000000
000000000000000000000000
000000000000000000000000
000000000000000000000000
000000000000000000010000
100010000010101000001000
001000101000100010101010
000000110000000001000100
000000000000000000000010
000000000000000000000000
000000000000000000000000
000000000000000000000000
000000000000000000000000
000000000000000000000000
000000000000000000000000
------
000000000000000000000000
000000000000000000000000
000000000000000000000000
000000000000000000000000
000000000000000000000000
000000000010000000000000
010001000101000000000000
101000101010001010101000
101000100010101010001010
010001000001000100000100
000000000000000000001000
000000000000000000000000
000000000000000000000000
000000000000000000000000
000000000000000000000000
000000000000000000000000
------
000000000000000000000000
000000000000000000000000
000000000000000000000000
000000000000000000000000
000000000000000000000000
000000000000000000100000
001100000000111000000010
000101000000010100010100
000001000000000010000100
000010000000000000001000
000000000000000000010000
000000000000000000000000
000000000000000000000000
000000000000000000000000
000000000000000000000000
000000000000000000000000
------
000000000000000000000000
000000000000000000000000
000000000000000000000000
000000000000000000000000
000000000000000000000000
000000001100000000000000
100010000110001000000000
111000000011000010000000
010001000100000100010000
100000000000000000000000
000000000000000000000000
000000000000000000000000
000000000000000000000000
000000000000000000000000
000000000000000000000000
000000000000000000000000
------
000000000000000000000000
000000000000000000000000
000000000000000000000000
000000000000000000000000
000000000000000000000000
000000000000000000000000
000110000000000000000000
001000000001110000000000
010101000000010001000101
000000000001100000100101
000000000010000000001000
000000000000000000000000
000000000000000000000000
000000000000000000000000
000000000000000000000000
000000000000000000000000
------
000000000000000000000000
000000000000000000000000
000000000000000000000000
000000000000000000000000
000000000000000000000000
000000000100000000000000
000100000000000001100000
010001110001000100000100
100000101000001000001000
000001000000000000000001
000010000000000000000000
000000000000000000000000
000000000000000000000000
000000000000000000000000
000000000000000000000000
000000000000000000000000
------
000000000000000000000000
000000000000000000000000
000000000000000000000000
000000000000000000000000
000000000000000000000000
000000000000001000001000
010001000001000100000100
101000101000100010000010
110000000000001100000000
000000000000000000000001
000000000000000000000000
000000000000000000000000
000000000000000000000000
000000000000000000000000
000000000000000000000000
000000000000000000000000
------
000000000000000000000000
000000000000000000000000
000000000000000000000000
000000000000000000000000
000000000000000000000000
100000000000000000000001
100000001100000000000010
010100010100010000010001
000010000010000000100010
000100000100000000000000
000000000000000000000000
000000000000000000000000
000000000000000000000000
000000000000000000000000
000000000000000000000000
000000000000000000000000
------
000000000000000000000000
000000000000000000000000
000000000000000000000000
000000000000000000000000
000000000000000000000000
001000000000000000000000
000000000010001000101000
010100000101000000000101
011100000000000110000000
100000001000000000000000
000000000000000000000001
000000000000000000000000
000000000000000000000000
000000000000000000000000
000000000000000000000000
000000000000000000000000
------
000000000000000000000000
000000000000000000000000
000000000000000000000000
000000000000000000000000
000000000000000000000000
000000000000000011000000
000000000001000111000000
101000101000100010101000
000000010000000001001100
000000000000000000010000
000000000000000000000000
000000000000000000000000
000000000000000000000000
000000000000000000000000
000000000000000000000000
000000000000000000000000
------
000000000000000000000000
000000000000000000000000
000000000000000000000000
000000000000000000000000
000000000000000000010000
000000000000001000001000
000000000001000100000100
101000100010101000000010
001000100010000010001000
010000000000000000000000
000000000000000000000000
000000000000000000000000
000000000000000000000000
000000000000000000000000
000000000000000000000000
000000000000000000000000
------
000000000000000000000000
000000000000000000000000
000000000000000000000000
000000000000000000000000
000000000000000000000000
000001000000000000000000
100010000000011000000000
010001010000010101000101
000001000000000010001100
000000000000000100000100
000000000000000000000000
000000000000000000000000
000000000000000000000000
000000000000000000000000
000000000000000000000000
000000000000000000000000
------
000000000000000000000000
000000000000000000000000
000000000000000000000000
000000000000000000000000
000000000000000000000000
000000000000000000000000
000000000000000000000000
000000000000000100001000
000000000001000000000110
000100000000010000000100
000000000000000000000000
000000000000000000000000
000000000000000000000000
000000000000000000000000
000000000000000000000000
000000000000000000000000
------
000000000000000000000000
000000000000000000000000
000000000000000000000000
000000000000000000000000
000000000000000000000000
000000000000100000100000
000000100000000000011100
010100000001010101010101
001010100000101010101000
000000000011000000001110
000000000000000000010000
000000000000000000000000
000000000000000000000000
000000000000000000000000
000000000000000000000000
000000000000000000000000
------
000000000000000000000000
000000000000000000000000
000000000000000000000000
000000000000000000000000
000000000000000000000000
000000000000000000000000
000001000000000000000000
100000101000000000001000
100010000010001000000000
000000000000000000010000
000000000000000000000000
000000000000000000000000
000000000000000000000000
000000000000000000000000
000000000000000000000000
000000000000000000000000
------
000000000000000000000000
000000000000000000000000
000000000000000000000000
000000000000000000000000
000000000000000000000000
000000000000010000000000
000010001000001010100010
100101000000000100010001
110000000000011000000001
000001100000000000000000
000000000000000000000100
000000000000000000000000
000000000000000000000000
000000000000000000000000
000000000000000000000000
000000000000000000000000
------
000000000000000000000000
000000000000000000000000
000000000000000000000000
000000000000000000000000
000000000000000000000000
000000010000000000000000
001000001010100000000010
101010101010101010101000
010101010000010101010101
000000000001000010000110
000000000000000000001100
000000000000000000000000
000000000000000000000000
000000000000000000000000
000000000000000000000000
000000000000000000000000
------
000000000000000000000000
000000000000000000000000
000000000000000000000000
000000000000000000000000
000000000000000000000000
001000000000000000000000
000101010001000001000100
000010000100010000100001
001000001010100010000010
000000010000000000000000
000000000000000000000000
000000000000000000000000
000000000000000000000000
000000000000000000000000
000000000000000000000000
000000000000000000000000
------
000000000000000000000000
000000000000000000000000
000000000000000000000000
000000000000000000000000
000000000000000000000000
000000010000000000000000
001000000000001110000000
101010001000000010001010
000001000011000000001100
000000000100000000010000
000000000000000000000000
000000000000000000000000
000000000000000000000000
000000000000000000000000
000000000000000000000000
000000000000000000000000
------
000000000000000000000000
000000000000000000000000
000000000000000000000000
000000000000000000000000
000000000000000000000000
000000000000000000000000
000000000000000000000000
011000000000000100000000
010000010000000001000001
000000000000000000000000
000000000000000000000100
000000000000000000000000
000000000000000000000000
000000000000000000000000
000000000000000000000000
000000000000000000000000
------
000000000000000000000000
000000000000000000000000
000000000000000000000000
000000000000000000000000
100000000000000000000000
010000000000000000000000
001010000000000010001000
100011101010000000011000
001000000001000000000110
000000000000000000001000
000000000000000000000000
000000000000000000000000
000000000000000000000000
000000000000000000000000
000000000000000000000000
000000000000000000000000
------
000000000000000000000000
000000000000000000000000
000000000000000000000000
000000000000000000000000
000000000000000000000000
000000100000000000000000
000000010000000000000000
000000001000000000000011
011000101011100010000000
100010000010001000100000
000000000100000000000000
000000000000000000000000
000000000000000000000000
000000000000000000000000
000000000000000000000000
000000000000000000000000
------
000000000000000000000000
000000000000000000000000
000000000000000000000000
000000000000000000000000
000000000000000000000000
000000000000000000000100
000001100000000010001000
010001010001010101010101
010000000000010001000001
000000000000000000000010
000000000000000000000000
000000000000000000000000
000000000000000000000000
000000000000000000000000
000000000000000000000000
000000000000000000000000
------
000000000000000000000000
000000000000000000000000
000000000000000000000000
000000000000000000000000
000000000000000000000000
100000000000000000000000
000000001100000000110000
001000000001100000001110
000000000011000000001110
000000000000010000010000
000000000000000000100000
000000000000000000000000
000000000000000000000000
000000000000000000000000
000000000000000000000000
000000000000000000000000
------
000000000000000000000000
000000000000000000000000
000000000000000000000000
000000000000000000000000
000000000000000000000000
000000000110000000000000
000010001010000000100000
010101000100010001000101
100000000000100000000011
000010000000001000000000
000000000000000000000000
000000000000000000000000
000000000000000000000000
000000000000000000000000
000000000000000000000000
000000000000000000000000
------
000000000000000000000000
000000000000000000000000
000000000000000000000000
000000000000000000000000
000000000000000000000000
000000000000000000000000
000000001000000000000000
001000000000000000001000
110000100000001000001000
000000000000000000000000
000000000000000000000000
000000000000000000000000
000000000000000000000000
000000000000000000000000
000000000000000000000000
000000000000000000000000
------
000000000000000000000000
000000000000000000000000
000000000000000000000000
000000000000000000000000
000000000000000000000000
000000000100000000000000
010000100000001010000000
010001010000010101010101
000000000001000010000110
000010000000000000000000
000000000000000000000000
000000000000000000000000
000000000000000000000000
000000000000000000000000
000000000000000000000000
000000000000000000000000
------
000000000000000000000000
000000000000000000000000
000000000000000000000000
000000000000000000000000
000000000000000000000000
000000000011000000000000
000000000101000000011000
101010100000101000101000
000000000010000000001100
000100000000000000010000
000000000000000000100000
000000000000000000000000
000000000000000000000000
000000000000000000000000
000000000000000000000000
000000000000000000000000
------
000000000000000000000000
000000000000000000000000
000000000000000000000000
000000000000000000000000
000000000000000000000000
000000000000000000000000
000010000000001000000000
000000000000000111000000
000000100000100010000000
000000000000000000000100
000000000000000000000000
000000000000000000000000
000000000000000000000000
000000000000000000000000
000000000000000000000000
000000000000000000000000
------
000000000000000000000000
000000000000000000000000
000000000000000000000000
000000000000000000000000
000000000000000000000000
000000001000000000000000
000100011100000000000000
100000101010100010100010
000010000100001100000000
000000000000011000000000
000000000000000000000000
000000000000000000000000
000000000000000000000000
000000000000000000000000
000000000000000000000000
000000000000000000000000
------
000000000000000000000000
000000000000000000000000
000000000000000000000000
000000000000000000000000
000000000000000000000000
000000000000000000000000
000000000100001000011000
010100000101010101010100
000000010000100001100000
000000000000000001000001
000000000000000000000000
000000000000000000000000
000000000000000000000000
000000000000000000000000
000000000000000000000000
000000000000000000000000
------
000000000000000000000000
000000000000000000000000
000000000000000000000000
000000000000000000000000
000000000000000000000100
000000100000000000000010
010000010000010001000001
100010000000001000010011
000000000001100000000111
000000000000000000001000
000000000000000000000000
000000000000000000000000
000000000000000000000000
000000000000000000000000
000000000000000000000000
000000000000000000000000
------
000000000000000000000000
000000000000000000000000
000000000000000000000000
000000000000000000000000
000000000000000000000000
000000000000000000000100
000000100010100010000010
000000001001010000010101
000100000000000001100100
000000000100000000010000
000000000000000000000000
000000000000000000000000
000000000000000000000000
000000000000000000000000
000000000000000000000000
000000000000000000000000
------
000000000000000000000000
000000000000000000000000
000000000000000000000000
000000000000000000000000
000000000000000000000000
000000000000000000000000
000000000000000000000010
000000110100000001100000
100000000000101010101010
000001000000010100000101
000000000000000000000100
000000000000000000000000
000000000000000000000000
000000000000000000000000
000000000000000000000000
000000000000000000000000
------
000000000000000000000000
000000000000000000000000
000000000000000000000000
000000000000000000000000
000000000000000000000000
000011000000000000000000
000001100000000000011000
010101000001010100010100
000001000010001000001000
001000000000000000000000
000000000000000000000000
000000000000000000000000
000000000000000000000000
000000000000000000000000
000000000000000000000000
000000000000000000000000
------
000000000000000000000000
000000000000000000000000
000000000000000000000000
000000000000000000000000
000000000000000000000000
001000000000100000000000
000000001010011000100000
000010001000011000000011
000000000000110000000011
000011000000000000000000
000000000000000000001000
000000000000000000000000
000000000000000000000000
000000000000000000000000
000000000000000000000000
000000000000000000000000
------
000000000000000000000000
000000000000000000000000
000000000000000000000000
000000000000000000000000
000000000000000000000000
000000000000000000000000
000010000000000000100000
001001100000000000001000
010101010000000101000101
000000000001100010000100
000000000000000000000100
000000000000000000000000
000000000000000000000000
000000000000000000000000
000000000000000000000000
000000000000000000000000
------
000000000000000000000000
000000000000000000000000
000000000000000000000000
000000000000000000000000
000000000000000000000000
100000000000000000000000
010001000100000100010000
010101010100000001010101
100100000000010000100001
000000000000000000000010
000000000000000000000000
000000000000000000000000
000000000000000000000000
000000000000000000000000
000000000000000000000000
000000000000000000000000
------
000000000000000000000000
000000000000000000000000
000000000000000000000000
000000000000000000000000
000000000000000000000000
000000000000000000000000
000000010000000000000000
001000001000100000000010
100000000010001000001000
000000000000000000010000
000000000000000000000000
000000000000000000000000
000000000000000000000000
000000000000000000000000
000000000000000000000000
000000000000000000000000
------
000000000000000000000000
000000000000000000000000
000000000000000000000000
000000000000000000000000
000000000000000000000000
000100000000000000000100
000010001000100000100010
001010100000101010001010
000000000000000100001100
000000000000000000010000
000000000000000000000000
000000000000000000000000
000000000000000000000000
000000000000000000000000
000000000000000000000000
000000000000000000000000
------
000000000000000000000000
000000000000000000000000
000000000000000000000000
000000000000000000000000
000000000000000000000000
000000000000000000000000
000010000000000000000000
000001000100010000010101
000000000001000000000100
000000000000000000000000
000000000000000000000000
000000000000000000000000
000000000000000000000000
000000000000000000000000
000000000000000000000000
000000000000000000000000
------
000000000000000000000000
000000000000000000000000
000000000000000000000000
000000000000000000000000
000000000000000000000000
000000000000000000000000
010000000000000000000000
000000000100000000011000
010000000000000001000001
000000000000000000000010
000000000000000000000000
000000000000000000000000
000000000000000000000000
000000000000000000000000
000000000000000000000000
000000000000000000000000
------
000000000000000000000000
000000000000000000000000
000000000000000000000000
000000000000000000000000
000000000000000000000000
000000000000000000000000
000000000000000000010000
000110000000001000100000
001000000000000100000000
000000010000000000000000
000000000000000000000000
000000000000000000000000
000000000000000000000000
000000000000000000000000
000000000000000000000000
000000000000000000000000
------
000000000000000000000000
000000000000000000000000
000000000000000000000000
000000000000000000000000
000000000000000000000000
000000000000000000000000
000000000000000000000000
000001000001000000000100
000001010100000000010001
000010000000000000000000
000000000000000000000000
000000000000000000000000
000000000000000000000000
000000000000000000000000
000000000000000000000000
000000000000000000000000
------
000000000000000000000000
000000000000000000000000
000000000000000000000000
000000000000000000000000
000000000000000000000000
000000000000000000000000
000000000000000100000000
100000100010000000001000
001000000010000010001000
010000000000000000000000
000000000000000000000000
000000000000000000000000
000000000000000000000000
000000000000000000000000
000000000000000000000000
000000000000000000000000
------
000000000000000000000000
000000000000000000000000
000000000000000000000000
000000000000000000000000
000000000000000000000000
000000000000000000000000
000100000000000000000000
000010001000000000000000
001000100000100010000010
000000000000000000000100
000000000000000000000000
000000000000000000000000
000000000000000000000000
000000000000000000000000
000000000000000000000000
000000000000000000000000
------
000000000000000000000000
000000000000000000000000
000000000000000000000000
000000000000000000000000
000000000000000000000000
000000000000000000000000
000000000000000000000000
000000000000010000000001
001010001000101000000000
000000100000000000001000
000000000000000000000000
000000000000000000000000
000000000000000000000000
000000000000000000000000
000000000000000000000000
000000000000000000000000
------
000000000000000000000000
000000000000000000000000
000000000000000000000000
000000000000000000000000
000000000000000000000000
000000000000000000000000
000000000100000000000000
100010000000001000100000
000010000010001000001000
000000000000000000010000
000000000000000000000000
000000000000000000000000
000000000000000000000000
000000000000000000000000
000000000000000000000000
000000000000000000000000
------
000000000000000000000000
000000000000000000000000
000000000000000000000000
000000000000000000000000
000000000000000000000000
000000000000000000000000
000100000000000000000000
000010100000000000100010
100000010000000000000000
000000000000000000000001
000000000000000000000000
000000000000000000000000
000000000000000000000000
000000000000000000000000
000000000000000000000000
000000000000000000000000
------
000000000000000000000000
000000000000000000000000
000000000000000000000000
000000000000000000000000
000000000000000000000000
000000000000000000000000
000000000000000000000000
010000000100000100000000
000100000101010000000001
000000001000000000000000
000000000000000000000000
000000000000000000000000
000000000000000000000000
000000000000000000000000
000000000000000000000000
000000000000000000000000
------
000000000000000000000000
000000000000000000000000
000000000000000000000000
000000000000000000000000
000000000000000000000000
000000000000000000000000
000001000000000000000000
000010000000000001000001
001000001000000000000010
000000010000000000000000
000000000000000000000000
000000000000000000000000
000000000000000000000000
000000000000000000000000
000000000000000000000000
000000000000000000000000
------
000000000000000000000000
000000000000000000000000
000000000000000000000000
000000000000000000000000
000000000000000000000000
000000000000000000000000
000000000000000000100000
001100000000010000000100
000010000000001000000000
000001000000000000000000
000000000000000000000000
000000000000000000000000
000000000000000000000000
000000000000000000000000
000000000000000000000000
000000000000000000000000
------
000000000000000000000000
000000000000000000000000
000000000000000000000000
000000000000000000000000
000000000000000000000000
000000000000000000000000
000000001000000000000010
000100000000010001000001
000000010000100000000000
000000000000000100000000
000000000000000000000000
000000000000000000000000
000000000000000000000000
000000000000000000000000
000000000000000000000000
000000000000000000000000
------
000000000000000000000000
000000000000000000000000
000000000000000000000000
000000000000000000000000
000000000000000000000000
000000000000000000000000
000000000001000001000000
000000000000100000100000
000110000000000000000000
000000000100000000000000
000000000000000000000000
000000000000000000000000
000000000000000000000000
000000000000000000000000
000000000000000000000000
000000000000000000000000
------
000000000000000000000000
000000000000000000000000
000000000000000000000000
000000000000000000000000
000000000000000000000000
000000000000000000000000
000000000010000000001000
001000000000000000000110
000000110000000000001000
000001000000000000000000
000000000000000000000000
000000000000000000000000
000000000000000000000000
000000000000000000000000
000000000000000000000000
000000000000000000000000
------
000000000000000000000000
000000000000000000000000
000000000000000000000000
000000000000000000000000
000000000000000000000000
000000000000000000000000
000000000000000000000000
000000010001110000000000
000000000000000010000010
000010000000000000000000
000000000000000000000000
000000000000000000000000
000000000000000000000000
000000000000000000000000
000000000000000000000000
000000000000000000000000
------
000000000000000000000000
000000000000000000000000
000000000000000000000000
000000000000000000000000
000000000000000000000000
000000000000000000000000
000000000000010000000000
000000011000000000000100
000100000000000000000011
000000000001000000000100
000000000000000000000000
000000000000000000000000
000000000000000000000000
000000000000000000000000
000000000000000000000000
000000000000000000000000
------
000000000000000000000000
000000000000000000000000
000000000000000000000000
000000000000000000000000
000000000000000000000000
000000000000000000000000
000010000000001000000000
000000000000000010001010
110000000000001000000000
000000000000000000000001
000000000000000000000000
000000000000000000000000
000000000000000000000000
000000000000000000000000
000000000000000000000000
000000000000000000000000
------
000000000000000000000000
000000000000000000000000
000000000000000000000000
000000000000000000000000
000000000000000000000000
000000000000000000000000
100000000010000000000000
000000000000100010100000
000000000010000000001100
001000000000000000000000
000000000000000000000000
000000000000000000000000
000000000000000000000000
000000000000000000000000
000000000000000000000000
000000000000000000000000
------
000000000000000000000000
000000000000000000000000
000000000000000000000000
000000000000000000000000
000000000000000000000000
000000000000000000000000
000000000000000000000010
100000100011000000000000
001010100000000000000000
010000000000000000000000
000000000000000000000000
000000000000000000000000
000000000000000000000000
000000000000000000000000
000000000000000000000000
000000000000000000000000
------
000000000000000000000000
000000000000000000000000
000000000000000000000000
000000000000000000000000
000000000000000000000000
000000000000000000000000
000000000000000000100000
000000000000010001000000
000010000110000000000000
000000000100000000000000
000000000000000000000000
000000000000000000000000
000000000000000000000000
000000000000000000000000
000000000000000000000000
000000000000000000000000
------
000000000000000000000000
000000000000000000000000
000000000000000000000000
000000000000000000000000
000000000000000000000000
000000000000000000000000
000000001000000000000000
000000000110001000000001
000000001100000000000000
000000000000001000000000
000000000000000000000000
000000000000000000000000
000000000000000000000000
000000000000000000000000
000000000000000000000000
000000000000000000000000
------
000000000000000000000000
000000000000000000000000
000000000000000000000000
000000000000000000000000
000000000000000000000000
000000000000000000000000
000000100000000000000000
000010000100000000000000
000010001010000000000000
000000000110000000000000
000000000000000000000000
000000000000000000000000
000000000000000000000000
000000000000000000000000
000000000000000000000000
000000000000000000000000
------
000000000000000000000000
000000000000000000000000
000000000000000000000000
000000000000000000000000
000000000000000000000000
000000000000000000000000
000000100000000000000000
000000010001000100000100
000100000000010001000000
000000000000100000000000
000000000000000000000000
000000000000000000000000
000000000000000000000000
000000000000000000000000
000000000000000000000000
000000000000000000000000
------
000000000000000000000000
000000000000000000000000
000000000000000000000000
000000000000000000000000
000000000000000000000000
000000000000000100000000
000000000000000010000000
000000010000000001000000
001000000000100010001000
000000000001000000000000
000000000000000000000000
000000000000000000000000
000000000000000000000000
000000000000000000000000
000000000000000000000000
000000000000000000000000
------
000000000000000000000000
000000000000000000000000
000000000000000000000000
000000000000000000000000
000000000000000000000000
000000000000000000000000
000000000000000000001000
000000000001000000000110
000000000000110001000000
010000000001000000000000
000000000000000000000000
000000000000000000000000
000000000000000000000000
000000000000000000000000
000000000000000000000000
000000000000000000000000
------
000000000000000000000000
000000000000000000000000
000000000000000000000000
000000000000000000000000
000000000000000000000000
000000000000000000000000
000001000000000100000000
100000000000010000100000
000000000100010001000000
000000001000000000000000
000000000000000000000000
000000000000000000000000
000000000000000000000000
000000000000000000000000
000000000000000000000000
000000000000000000000000
------
